1
51
72
77
78
2
90
92
158
159
113
69
71
89
91
3
47
9
17
21
93
94
23
121
125
131
31
4
60
10
16
18
22
24
97
122
126
132
32
303
5
7
222
101
305
6
102
99
100
27
8
26
44
37
11
19
29
12
41
118
25
30
13
143
28
43
14
144
20
34
15
40
128
139
140
108
35
107
133
134
105
106
36
33
73
136
74
161
129
135
120
38
39
160
130
174
42
189
82
70
45
141
55
119
137
46
142
114
56
62
86
193
138
109
52
58
61
75
76
81
85
48
110
80
88
216
49
54
50
154
96
127
95
166
53
57
63
198
87
84
59
67
178
64
65
220
66
68
221
111
112
146
225
186
226
227
228
229
230
150
234
235
236
237
238
239
187
188
240
242
203
179
217
162
164
249
250
195
251
252
253
254
255
197
204
180
163
117
256
276
306
177
241
200
215
199
165
169
79
148
168
145
147
192
219
157
172
218
83
98
124
103
104
115
123
156
170
183
116
153
224
196
214
213
155
173
149
275
205
206
151
277
152
245
278
201
202
167
269
184
171
185
175
176
272
270
258
181
182
274
190
191
194
244
260
207
223
208
209
210
211
212
261
262
263
264
265
266
282
279
231
280
232
281
233
246
247
248
243
257
259
267
268
271
273
291
292
293
294
295
296
297
298
299
300
301
302
