28069756853925306972
28069756853925309463
28069756853925484240
28069756853925767462
28069756853925813377
28069756853925895433
28069756853925998778
28069756853926184473
28069756853924326748
28069756853924460905
28069756853924518882
28069756853924537769
28069756853924546758
28069756853925226511
28069756853925266541
28069756853926720608
28069756853926742917
28069756853926787093
28069756853927280612
28069756853923367903
28069756853923566160
28069756853923629407
28069756853923928959
28069756853924058235
28069756853924195603
28069756853922757727
28069756853922796485
28069756853923132758
28069756853928450692
28069756853921538428
28069756853921650874
28069756853921875136
28069756853929758347
28069756853920374202
28069756853930566850
28069756853931553063
28069756853919175793
28069756853919434755
28069756853919537809
28069756853932602553
28069756853918487446
28069756853933435448
28069756853933581986
28069756853933586028
28069756853917626642
28069756853917879339
28069756853934200011
28069756853934856263
28069756853914856153
28069756853914861493
28069756853915402937
28069756853936120362
28069756853936342703
28069756853913905241
28069756853937145021
28069756853937307513
28069756853912809527
28069756853912991263
28069756853913632021
28069756853937885196
28069756853911654889
28069756853911999243
28069756853912089897
28069756853912390310
28069756853912552275
28069756853911383262
28069756853911402648
28069756853940078357
28069756853941580460
28069756853908542287
28069756853909060713
28069756853942505467
28069756853942743609
28069756853907899878
28069756853906617732
28069756853907154018
28069756853944442303
28069756853944883451
28069756853945098139
28069756853905924573
28069756853906214020
28069756853906324750
28069756853945477969
28069756853945872781
28069756853945973082
28069756853903654977
28069756853904061104
28069756853904187203
28069756853947396528
28069756853947437181
28069756853948094400
28069756853948120590
28069756853948125343
28069756853948267518
28069756853902977153
28069756853903245751
28069756853901782365
28069756853902016159
28069756853950381951
28069756853950420805
28069756853901139661
28069756853950976408
28069756853899298129
28069756853899299485
28069756853899744770
28069756853900020277
28069756853951698967
28069756853898347197
28069756853952656498
28069756853897558135
28069756853953881072
28069756853896228853
28069756853896498930
28069756853896501658
28069756853896936007
28069756853955450100
28069756853895017555
28069756853895620762
28069756853895728621
28069756853955765327
28069756853955983080
28069756853956267426
28069756853956571095
28069756853956591482
28069756853957387453
28069756853892875597
28069756853893051788
28069756853957828817
28069756853958060272
28069756853959037097
28069756853891001337
28069756853891595853
28069756853959910912
28069756853960265512
28069756853960365197
28069756853960673549
28069756853889784248
28069756853961220403
28069756853888584378
28069756853888725597
28069756853889013978
28069756853962597549
28069756853888122796
28069756853963558843
28069756853886702181
28069756853887083205
28069756853886358737
28069756853965196947
28069756853965274176
28069756853885200768
28069756853885209501
28069756853966398058
28069756853881486772
28069756853881607882
28069756853881887917
28069756853969510021
28069756853970012077
28069756853880480877
28069756853970753695
28069756853879532305
28069756853878216977
28069756853878706740
28069756853972552658
28069756853877154597
28069756853974280813
28069756853876289033
28069756853974692937
28069756853974831373
28069756853974950949
28069756853975545447
28069756853875748553
28069756853875752097
28069756853875802213
28069756853875866531
28069756853875923161
28069756853976503419
28069756853874532626
28069756853874846533
28069756853873339047
28069756853873712422
28069756853977707880
28069756853872301078
28069756853872834877
28069756853979094369
28069756853870995472
28069756853980841368
28069756853870455277
28069756853868736260
28069756853869297136
28069756853982438497
28069756853868301857
28069756853867484851
28069756853985630844
28069756853985711628
28069756853864751461
28069756853986405717
28069756853863939352
28069756853864033493
28069756853863331696
28069756853989390754
28069756853989991429
28069756853860826362
28069756853860926251
28069756853990653729
28069756853859822403
28069756853992077998
28069756853858357644
28069756853993061896
28069756853993289803
28069756853857349977
28069756853857701437
28069756853857932198
28069756853993432847
28069756853856765547
28069756853995473325
28069756853996166166
28069756853854339664
28069756853996593199
28069756853997674288
28069756853998276456
28069756853999481736
28069756853999495573
28069756853851284610
28069756853999960908
28069756854000686968
28069756854000702233
28069756853849768942
28069756854002340197
28069756854002646611
28069756853847973912
28069756853845725421
28069756853846181670
28069756853846239703
28069756853846571099
28069756854005876146
28069756853844104373
28069756853844347040
28069756853844418928
28069756854008101547
28069756853842643327
28069756854008434933
28069756854008439832
28069756854009781558
28069756854010519808
28069756854010925489
28069756853839848913
28069756853840185067
28069756854011552177
28069756853838330229
28069756854013060729
28069756854015585502
28069756853834128852
28069756853834950613
28069756853834966308
28069756853833262023
28069756853833675105
28069756854018283253
28069756853832246125
28069756853832572630
28069756854018648843
28069756853830927032
28069756853831880379
28069756854020214622
28069756853830282515
28069756853830534342
28069756854021049312
28069756853829512095
28069756854022228762
28069756853827839242
28069756854023539883
28069756853826699529
28069756854025378061
28069756854025693086
28069756853825502133
28069756854026136875
28069756854026182382
28069756854026562704
28069756853824310422
28069756854028268693
28069756854028967773
28069756853822480751
28069756854029910904
28069756854030220479
28069756854030451253
28069756854030871444
28069756853819975564
28069756854032756059
28069756853817274166
28069756854033664937
28069756854033696953
28069756854034055578
28069756853817105259
28069756853815239028
28069756853815975358
28069756853813158369
28069756853812553653
28069756854038942689
28069756854039341612
28069756854041898755
28069756853808183685
28069756853808188369
28069756854043306370
28069756853807667967
28069756854043832189
28069756854045092157
28069756854045144111
28069756853805394816
28069756853805527570
28069756853803658053
28069756853803795610
28069756854048751153
28069756853802431879
28069756854050222184
28069756854050326993
28069756854051631238
28069756854052024828
28069756853796506371
28069756853796771837
28069756853796845258
28069756854056082727
28069756853793194447
28069756854058177751
28069756854059450393
28069756853792063428
28069756854060018382
28069756854061177118
28069756853789865004
28069756854062248622
28069756853787126671
28069756853787307082
28069756853785926076
28069756853786009462
28069756853786758373
28069756853785013482
28069756853784217018
28069756853784254436
28069756853784507369
28069756854068510569
28069756853780188540
28069756853780426467
28069756854071400143
28069756853778563612
28069756853779472285
28069756854072773703
28069756853775748363
28069756853775821850
28069756854076252293
28069756853774471880
28069756853773881089
28069756854077679004
28069756854080105251
28069756854080320432
28069756854081593822
28069756853768268326
28069756853768998761
28069756854083557673
28069756854083845544
28069756854084435822
28069756853766342001
28069756854084682847
28069756853765446213
28069756854085914028
28069756854086148383
28069756853764372368
28069756853764805717
28069756853761735318
28069756853762407473
28069756853759772151
28069756853759895601
28069756853760128785
28069756854093938483
28069756853757077117
28069756854094812391
28069756853755919257
28069756853755954831
28069756853756089644
28069756854095229576
28069756854096857333
28069756853753423126
28069756853752399808
28069756854098309643
28069756853751267528
28069756854099579119
28069756854100992502
28069756853749407252
28069756853750119597
28069756853747254085
28069756854105060238
28069756853744194047
28069756853742937096
28069756853743093289
28069756853742757667
28069756854109104522
28069756854109277167
28069756853739912427
28069756853740326367
28069756854112735178
28069756854113506394
28069756853736550063
28069756853737440462
28069756853735766877
28069756854115876106
28069756854115940598
28069756853734888993
28069756853735019053
28069756853735311028
28069756854116475947
28069756853733743889
28069756853733917563
28069756853734122103
28069756853734425533
28069756854118125129
28069756853733267689
28069756854118638541
28069756854119199458
28069756854119247746
28069756853731363447
28069756854119976377
28069756853730678147
28069756854120926235
28069756854122518777
28069756853727460031
28069756853726711347
28069756854125556597
28069756853724356238
28069756853724603278
28069756854129353441
28069756853720834007
28069756854131064278
28069756854131139263
28069756853716623890
28069756854134115045
28069756854134328151
28069756853716300457
28069756854135109186
28069756854135722081
28069756854136733192
28069756854136896440
28069756853712126757
28069756853710266620
28069756854142164167
28069756853708405097
28069756854143441635
28069756854144028266
28069756854145161227
28069756854145242197
28069756854146340493
28069756853702987117
28069756853702832670
28069756853702966062
28069756853701447727
28069756854150001903
28069756854150081269
28069756854150523873
28069756853699901895
28069756853699259632
28069756853697774738
28069756853698262587
28069756853698704589
28069756854154187050
28069756854155344847
28069756854155546947
28069756853694667897
28069756854156072050
28069756854157172255
28069756854157791767
28069756853692615107
28069756854158512843
28069756854160598153
28069756854160708165
28069756854161811461
28069756853688796669
28069756853688889910
28069756853689213194
28069756854163508180
28069756853687136802
28069756854164953022
28069756854165478609
28069756853685013923
28069756854166863031
28069756854167964688
28069756854169919333
28069756854170233765
28069756853679414745
28069756853679557467
28069756854172326061
28069756854172382653
28069756853677032553
28069756853676248427
28069756853676489994
28069756853675251775
28069756854176051237
28069756854176612468
28069756854176732173
28069756854176826085
28069756854177593958
28069756853672658341
28069756853670568938
28069756853670801503
28069756853671051605
28069756854181499512
28069756854185072218
28069756853665814291
28069756853664584097
28069756853664726183
28069756854186370928
28069756854188202283
28069756853662628345
28069756853662630913
28069756853662922287
28069756854189991661
28069756854190282732
28069756853659244433
28069756854192469663
28069756854194270247
28069756854196015946
28069756854196110653
28069756853653761182
28069756853654575446
28069756853652845087
28069756854198200485
28069756853651735733
28069756853651870143
28069756853652229629
28069756853652426217
28069756854199512833
28069756853648619576
28069756853648340494
28069756853648408653
28069756854203385538
28069756853646970017
28069756853647176100
28069756854205181541
28069756854206239694
28069756854207017134
28069756854207207055
28069756853641157484
28069756853641464083
28069756854209767015
28069756853640899827
28069756854210809194
28069756853639344938
28069756853638088572
28069756854213988519
28069756854214056622
28069756853634879757
28069756854216702203
28069756853634009061
28069756854220459577
28069756854220545418
28069756854221679811
28069756854222631327
28069756853627689959
28069756854223695212
28069756853627222723
28069756854224806781
28069756854225623072
28069756853625210991
28069756854227251408
28069756854227347528
28069756854228613724
28069756854229035677
28069756854229153123
28069756853621314937
28069756854230260137
28069756854231865093
28069756854232197528
28069756853619025420
28069756854233894647
28069756853615641360
28069756853614852477
28069756853613369472
28069756854237813317
28069756854237878764
28069756853611965569
28069756854239116887
28069756853610963233
28069756853610118033
28069756853609208952
28069756853609254907
28069756853607825235
28069756853608515523
28069756853607157398
28069756853604564878
