5233832685490789343934
5233832685490789483759
5233832685490789580515
5233832685490789605793
5233832685490789629539
5233832685490789657009
5233832685490789903075
5233832685490790156873
5233832685490788573541
5233832685490788651515
5233832685490788801868
5233832685490788914228
5233832685490789055046
5233832685490789124351
5233832685490789202045
5233832685490789211827
5233832685490789247333
5233832685490789275518
5233832685490789327602
5233832685490790454459
5233832685490790525447
5233832685490790640541
5233832685490790641741
5233832685490790717145
5233832685490791039891
5233832685490791213152
5233832685490787279339
5233832685490787639893
5233832685490787779972
5233832685490791493748
5233832685490791537143
5233832685490791737535
5233832685490791818739
5233832685490791906403
5233832685490791950586
5233832685490791994505
5233832685490792114216
5233832685490792131043
5233832685490792208173
5233832685490792306499
5233832685490786256637
5233832685490786338232
5233832685490786557443
5233832685490786915077
5233832685490787079721
5233832685490787098975
5233832685490792654740
5233832685490792788743
5233832685490792949771
5233832685490793516603
5233832685490785272451
5233832685490785407703
5233832685490785524755
5233832685490785540729
5233832685490785560813
5233832685490785625388
5233832685490785626482
5233832685490793792261
5233832685490794279651
5233832685490784383103
5233832685490794810612
5233832685490794859929
5233832685490794953543
5233832685490795080296
5233832685490795129928
5233832685490795589313
5233832685490783354190
5233832685490783721243
5233832685490783833813
5233832685490795812694
5233832685490796444573
5233832685490796485432
5233832685490782186041
5233832685490782219377
5233832685490797084553
5233832685490797402087
5233832685490797496038
5233832685490781919421
5233832685490797837388
5233832685490798075127
5233832685490798159855
5233832685490780004253
5233832685490780035838
5233832685490780170343
5233832685490780308849
5233832685490780453261
5233832685490799007883
5233832685490799140081
5233832685490799273683
5233832685490779222727
5233832685490779655301
5233832685490779687087
5233832685490799858739
5233832685490799859828
5233832685490799942413
5233832685490800554533
5233832685490777898083
5233832685490778086119
5233832685490778234979
5233832685490778246764
5233832685490778662627
5233832685490801661187
5233832685490801779821
5233832685490776753163
5233832685490776968141
5233832685490777042573
5233832685490801984583
5233832685490802372060
5233832685490802629567
5233832685490775778584
5233832685490776386743
5233832685490776555207
5233832685490803108178
5233832685490803307496
5233832685490774922877
5233832685490775268835
5233832685490775499683
5233832685490804045886
5233832685490804379108
5233832685490804534575
5233832685490804994023
5233832685490805047962
5233832685490774552623
5233832685490805176413
5233832685490805261875
5233832685490805278255
5233832685490805550773
5233832685490805830908
5233832685490773168332
5233832685490773252583
5233832685490773359830
5233832685490806267485
5233832685490806447417
5233832685490806477765
5233832685490806623581
5233832685490807050305
5233832685490772007139
5233832685490772438187
5233832685490807384527
5233832685490770617849
5233832685490770929258
5233832685490771320051
5233832685490771397113
5233832685490771470978
5233832685490808774327
5233832685490809033212
5233832685490769555865
5233832685490770274355
5233832685490809485843
5233832685490810121274
5233832685490768414951
5233832685490768912757
5233832685490769060983
5233832685490769392530
5233832685490810342213
5233832685490810927146
5233832685490811241481
5233832685490767342547
5233832685490767726163
5233832685490768293931
5233832685490811378023
5233832685490812091973
5233832685490766330750
5233832685490766391491
5233832685490766483551
5233832685490766587876
5233832685490766835787
5233832685490766868723
5233832685490767007557
5233832685490767083987
5233832685490812479263
5233832685490765222331
5233832685490765244131
5233832685490813795233
5233832685490814208687
5233832685490815054827
5233832685490815455357
5233832685490815990887
5233832685490816656227
5233832685490816979117
5233832685490817306838
5233832685490817610118
5233832685490817619413
5233832685490761724957
5233832685490761864783
5233832685490761892751
5233832685490818128304
5233832685490760395863
5233832685490819563079
5233832685490759521609
5233832685490759603913
5233832685490759760296
5233832685490820367293
5233832685490757904365
5233832685490821730487
5233832685490821772323
5233832685490756956217
5233832685490757179307
5233832685490757582579
5233832685490757676025
5233832685490821907889
5233832685490822757552
5233832685490756629936
5233832685490822898687
5233832685490823782387
5233832685490823790336
5233832685490755116156
5233832685490824561516
5233832685490824629763
5233832685490824798595
5233832685490824921689
5233832685490754098693
5233832685490754352667
5233832685490825862959
5233832685490753342423
5233832685490826045605
5233832685490826543449
5233832685490826625479
5233832685490751851497
5233832685490752629153
5233832685490827370988
5233832685490827647419
5233832685490827656401
5233832685490827725667
5233832685490827964731
5233832685490750797597
5233832685490751187592
5233832685490751531053
5233832685490828390519
5233832685490829138591
5233832685490829152483
5233832685490749586923
5233832685490749777177
5233832685490750445435
5233832685490829472793
5233832685490829511395
5233832685490748696083
5233832685490749127748
5233832685490749415134
5233832685490830645038
5233832685490747737433
5233832685490747961212
5233832685490748434709
5233832685490831328163
5233832685490831693705
5233832685490831975198
5233832685490746589247
5233832685490746974075
5233832685490832541683
5233832685490832634337
5233832685490745695069
5233832685490746136749
5233832685490833865487
5233832685490833956195
5233832685490834026768
5233832685490834098879
5233832685490744443427
5233832685490745016659
5233832685490834589927
5233832685490834797483
5233832685490834803663
5233832685490834860587
5233832685490835126913
5233832685490835205399
5233832685490743226237
5233832685490743867252
5233832685490836032933
5233832685490836546505
5233832685490836967705
5233832685490837141450
5233832685490741232091
5233832685490741555227
5233832685490741007977
5233832685490838859194
5233832685490739832355
5233832685490740018061
5233832685490740021357
5233832685490839673337
5233832685490840141216
5233832685490840442338
5233832685490738026691
5233832685490738275974
5233832685490738477675
5233832685490738551582
5233832685490738607087
5233832685490840872027
5233832685490840960613
5233832685490841360762
5233832685490841628803
5233832685490737469623
5233832685490737953985
5233832685490841870296
5233832685490841894740
5233832685490842465106
5233832685490736215713
5233832685490736308853
5233832685490736395870
5233832685490736684315
5233832685490843393195
5233832685490735008653
5233832685490735557277
5233832685490735559658
5233832685490844309177
5233832685490844768155
5233832685490733331523
5233832685490733668288
5233832685490846061478
5233832685490846448906
5233832685490847202739
5233832685490847698349
5233832685490730932172
5233832685490731199363
5233832685490731323149
5233832685490848528997
5233832685490849021703
5233832685490728851242
5233832685490728871913
5233832685490850491187
5233832685490851015033
5233832685490851050156
5233832685490851176080
5233832685490728320021
5233832685490851423997
5233832685490727283501
5233832685490727435173
5233832685490727459497
5233832685490852721243
5233832685490852940163
5233832685490725964897
5233832685490726088212
5233832685490853646869
5233832685490853749573
5233832685490853904126
5233832685490853950942
5233832685490854001994
5233832685490724344847
5233832685490724613853
5233832685490725356467
5233832685490854781473
5233832685490723326997
5233832685490723410607
5233832685490723623681
5233832685490724163663
5233832685490724302763
5233832685490856325485
5233832685490722797103
5233832685490721205703
5233832685490721309433
5233832685490858439709
5233832685490858497638
5233832685490859020741
5233832685490719181437
5233832685490719904363
5233832685490859863630
5233832685490718513023
5233832685490718931583
5233832685490860922813
5233832685490860925053
5233832685490861124473
5233832685490861452598
5233832685490717540413
5233832685490717714947
5233832685490717827237
5233832685490862515337
5233832685490863602603
5233832685490714923253
5233832685490714971101
5233832685490714986963
5233832685490715189941
5233832685490715430787
5233832685490863816465
5233832685490864309187
5233832685490713857695
5233832685490714159221
5233832685490714519980
5233832685490714838776
5233832685490865149605
5233832685490865470225
5233832685490713250217
5233832685490713443291
5233832685490865982266
5233832685490866186907
5233832685490866213766
5233832685490711919108
5233832685490712023712
5233832685490712350213
5233832685490712458861
5233832685490712702557
5233832685490867278365
5233832685490867571112
5233832685490867840620
5233832685490867861737
5233832685490711732059
5233832685490868882273
5233832685490710146344
5233832685490869116991
5233832685490869658865
5233832685490869691913
5233832685490709553765
5233832685490870268038
5233832685490707857615
5233832685490706751558
5233832685490873043251
5233832685490705929857
5233832685490705223499
5233832685490874983712
5233832685490703549331
5233832685490703659259
5233832685490704184938
5233832685490704261030
5233832685490875723939
5233832685490876277611
5233832685490702967546
5233832685490876434203
5233832685490876696875
5233832685490877309048
5233832685490877336007
5233832685490702012838
5233832685490700293515
5233832685490700684157
5233832685490700692752
5233832685490701223507
5233832685490878933080
5233832685490699023673
5233832685490880947747
5233832685490881109699
5233832685490697756973
5233832685490881706741
5233832685490881921451
5233832685490882079551
5233832685490882567568
5233832685490696469505
5233832685490696831764
5233832685490883246131
5233832685490883751767
5233832685490883920413
5233832685490883996259
5233832685490884472375
5233832685490884601233
5233832685490693023723
5233832685490886329762
5233832685490886870867
5233832685490691171413
5233832685490690300235
5233832685490690557121
5233832685490890177825
5233832685490890509375
5233832685490891104268
5233832685490891138199
5233832685490891263539
5233832685490687557085
5233832685490893484137
5233832685490893691837
5233832685490894012755
5233832685490684490941
5233832685490684744137
5233832685490685329898
5233832685490894927413
5233832685490683891188
5233832685490683894112
5233832685490683947237
5233832685490896915237
5233832685490681986845
5233832685490682276766
5233832685490898240218
5233832685490680598934
5233832685490680709587
5233832685490681252331
5233832685490898623567
5233832685490898812163
5233832685490898884825
5233832685490899406295
5233832685490679541848
5233832685490679592131
5233832685490679981289
5233832685490680239593
5233832685490680254342
5233832685490899635609
5233832685490900298813
5233832685490678321379
5233832685490679107185
5233832685490900555937
5233832685490903051587
5233832685490675377603
5233832685490675834113
5233832685490675987782
5233832685490903664275
5233832685490903944682
5233832685490904487413
5233832685490674917091
5233832685490674942077
5233832685490904694777
5233832685490904862431
5233832685490904897855
5233832685490905258043
5233832685490905484278
5233832685490905564234
5233832685490673619613
5233832685490905748445
5233832685490906505499
5233832685490906604103
5233832685490907592530
5233832685490670903252
5233832685490671029731
5233832685490670089789
5233832685490909029245
5233832685490909513569
5233832685490909883387
5233832685490669168338
5233832685490910287715
5233832685490668229780
5233832685490911654819
5233832685490666919835
5233832685490667174033
5233832685490665770029
5233832685490665790816
5233832685490913812601
5233832685490664645199
5233832685490665533214
5233832685490914963224
5233832685490663944804
5233832685490916343288
5233832685490661861883
5233832685490917919286
5233832685490660799193
5233832685490660842859
5233832685490918480775
5233832685490920355412
5233832685490658550046
5233832685490920596567
5233832685490921118655
5233832685490921940913
5233832685490656371087
5233832685490656893431
5233832685490922596365
5233832685490655623901
5233832685490923676613
5233832685490923738205
5233832685490654160113
5233832685490654337855
5233832685490924806923
5233832685490924920501
5233832685490926540689
5233832685490927692207
5233832685490927737917
5233832685490651147403
5233832685490651502819
5233832685490651560872
5233832685490928495839
5233832685490928562157
5233832685490650545209
5233832685490649553623
5233832685490930253469
5233832685490930265108
5233832685490930469997
5233832685490646997904
5233832685490647266849
5233832685490647711387
5233832685490931967882
5233832685490645925615
5233832685490645934577
5233832685490646144374
5233832685490646205843
5233832685490933755123
5233832685490933951290
5233832685490644996042
5233832685490934118887
5233832685490934402277
5233832685490934779536
5233832685490935046929
5233832685490644299485
5233832685490935203999
5233832685490935548169
5233832685490936402366
5233832685490936627223
5233832685490937159137
5233832685490937738401
5233832685490937964717
5233832685490640666717
5233832685490640767572
5233832685490640906008
5233832685490641293107
5233832685490639736858
5233832685490639379760
5233832685490941079774
5233832685490637600963
5233832685490638000893
5233832685490636822261
5233832685490942956263
5233832685490636180581
5233832685490943525537
5233832685490944410901
5233832685490944971443
5233832685490945354853
5233832685490945373761
5233832685490945571413
5233832685490633672733
5233832685490946241665
5233832685490632070547
5233832685490631504135
5233832685490948003557
5233832685490948518819
5233832685490630938291
5233832685490948786107
5233832685490949151397
5233832685490629362767
5233832685490949768002
5233832685490950442378
5233832685490950463687
5233832685490628723963
5233832685490951109533
5233832685490951815170
5233832685490626150059
5233832685490626400972
5233832685490626766822
5233832685490626798408
5233832685490953658452
5233832685490625230172
5233832685490954082213
5233832685490954138971
5233832685490623743317
5233832685490624651843
5233832685490623057397
5233832685490622198388
5233832685490622199807
5233832685490621021171
5233832685490621420763
5233832685490958172168
5233832685490619520819
5233832685490619800872
5233832685490620000253
5233832685490618422061
5233832685490618438950
5233832685490960327518
5233832685490960534873
5233832685490960955371
5233832685490617372226
5233832685490617734277
5233832685490618159336
5233832685490617201603
5233832685490615402731
5233832685490963858048
5233832685490614057589
5233832685490614181175
5233832685490965858837
5233832685490965942340
5233832685490966135597
5233832685490612254285
5233832685490611103588
5233832685490611301587
5233832685490611755683
5233832685490611756909
5233832685490967685133
5233832685490968658853
5233832685490968956987
5233832685490969061295
5233832685490609482093
5233832685490609626368
5233832685490609664091
5233832685490609742499
5233832685490969693517
5233832685490970375115
5233832685490607961572
5233832685490608757361
5233832685490607546139
5233832685490606747057
5233832685490973098825
5233832685490973296031
5233832685490605039212
5233832685490605102162
5233832685490605381222
5233832685490605458577
5233832685490974097185
5233832685490974119637
5233832685490974736962
5233832685490974761111
5233832685490974835801
5233832685490604611663
5233832685490975404037
5233832685490976018913
5233832685490976057773
5233832685490601663179
5233832685490602233280
5233832685490977320041
5233832685490979019842
5233832685490599742237
5233832685490600303074
5233832685490599128012
5233832685490981037725
5233832685490981303125
5233832685490596575803
5233832685490596653947
5233832685490597442781
5233832685490983182373
5233832685490983310462
5233832685490595543592
5233832685490595808564
5233832685490596109531
5233832685490596308118
5233832685490983945487
5233832685490594784017
5233832685490595070317
5233832685490986568443
5233832685490986991513
5233832685490591649931
5233832685490590697374
5233832685490989020302
5233832685490989254140
5233832685490589127659
5233832685490589510807
5233832685490589977977
5233832685490989823489
5233832685490989951963
5233832685490587010894
5233832685490587278756
5233832685490587508707
5233832685490587575235
5233832685490587963607
5233832685490992112981
5233832685490992226543
5233832685490586180322
5233832685490992763937
5233832685490992826028
5233832685490585096837
5233832685490585535120
5233832685490994237381
5233832685490584141767
5233832685490995541251
5233832685490582535675
5233832685490581173537
5233832685490998462233
5233832685490580135254
5233832685490999505403
5233832685491000003032
5233832685490578820816
5233832685491000212288
5233832685491000481180
5233832685491001092301
5233832685491001130719
5233832685491001221062
5233832685490576973588
5233832685491002757981
5233832685491002808640
5233832685491003477517
5233832685491004140528
5233832685490574710687
5233832685490575263263
5233832685491004757639
5233832685491005658352
5233832685490572511897
5233832685490573255672
5233832685491007660013
5233832685491008065573
5233832685491008544755
5233832685490569699275
5233832685490569735241
5233832685491010291409
5233832685490568228923
5233832685490568641243
5233832685491011402860
5233832685490566739175
5233832685491013156579
5233832685491013439248
5233832685491013559232
5233832685490565437857
5233832685490565526162
5233832685491013915029
5233832685491014264711
5233832685490564324713
5233832685490564396131
5233832685490564537243
5233832685491016675779
5233832685490562422933
5233832685490562814158
5233832685491017020495
5233832685490561643292
5233832685491018185828
5233832685491018480937
5233832685490560243764
5233832685490560534563
5233832685490560743213
5233832685490559128619
5233832685491020055090
5233832685491020648093
5233832685491020977565
5233832685490558547999
5233832685491021256501
5233832685491021364065
5233832685490557055611
5233832685490557211263
5233832685491022669234
5233832685490556114062
5233832685490555238530
5233832685490555499488
5233832685490554179658
5233832685491025406959
5233832685490550341515
5233832685490550371983
5233832685490550395038
5233832685490550572275
5233832685490551133853
5233832685491029167869
5233832685490549274457
5233832685490549542376
5233832685490549627461
5233832685490550218987
5233832685491029995101
5233832685490548976034
5233832685491031020263
5233832685490547576445
5233832685491031828837
5233832685491031981399
5233832685490545170805
5233832685491034033028
5233832685491034431751
5233832685490544873446
5233832685490544971485
5233832685491035306014
5233832685491035854581
5233832685491036592247
5233832685490542869037
5233832685491036900803
5233832685491037412406
5233832685490540905951
5233832685490541292871
5233832685490541868127
5233832685491039176871
5233832685491039553140
5233832685491041608685
5233832685490536789352
5233832685490536829630
5233832685490535713738
5233832685490535769463
5233832685490536277163
5233832685491043179887
5233832685491043656367
5233832685490535579203
5233832685491044640861
5233832685490533556514
5233832685490534209747
5233832685490532640788
5233832685490533334803
5233832685491046897832
5233832685491048207597
5233832685490530728889
5233832685491049906425
5233832685491050055378
5233832685491050106197
5233832685490528886867
5233832685490527202831
5233832685490528000262
5233832685490528147869
5233832685491051501347
5233832685491052669542
5233832685490525427912
5233832685490525909666
5233832685491053709213
5233832685491053880603
5233832685491053966781
5233832685491054289471
5233832685491054645943
5233832685491055097139
5233832685490523866712
5233832685490522456086
5233832685491057319215
5233832685490521658806
5233832685490521835283
5233832685491057932662
5233832685491058623718
5233832685490519592616
5233832685491059916275
5233832685491060186595
5233832685491060625373
5233832685490518078064
5233832685490518499331
5233832685491061090209
5233832685490517615693
5233832685491062512603
5233832685490515826647
5233832685490516035483
5233832685490515183425
5233832685490514572381
5233832685491065222914
5233832685491065368985
5233832685491065917007
5233832685491067030707
5233832685491067111153
5233832685490510945354
5233832685491069100259
5233832685490509850227
5233832685490510274288
5233832685491069525861
5233832685491070209463
5233832685490508547485
5233832685490508711747
5233832685490508877769
5233832685490508927203
5233832685491070406923
5233832685491070750371
5233832685491070846412
5233832685490507321007
5233832685490507801545
5233832685490507811235
5233832685491072484403
5233832685491072702195
5233832685491073750607
5233832685491074195683
5233832685491074329863
5233832685491074406244
5233832685490503294325
5233832685490504095363
5233832685490502146643
5233832685490502804438
5233832685490501002412
5233832685490501696763
5233832685490501914144
5233832685491077810567
5233832685491078527637
5233832685491078558985
5233832685491079076587
5233832685491080809186
5233832685491081724861
5233832685490496965156
5233832685490497500595
5233832685491082849194
5233832685490495814698
5233832685490496644286
5233832685491084166969
5233832685491085047783
5233832685491085704657
5233832685491085962641
5233832685490493455067
5233832685491086111237
5233832685490492409423
5233832685491088732391
5233832685490490239409
5233832685491089242124
5233832685491089839595
5233832685491090457017
5233832685491090489657
5233832685490487866513
5233832685491093576093
5233832685490484229273
5233832685490484753963
5233832685490484041340
5233832685490482137101
5233832685490481779008
5233832685490482005587
5233832685491098195327
5233832685490480237253
5233832685490480442731
5233832685490480841165
5233832685491099155308
5233832685490478049163
5233832685490478441202
5233832685490478870695
5233832685490477839493
5233832685490476238453
5233832685491103442909
5233832685491103595307
5233832685490475740298
5233832685491104610717
5233832685491104706952
5233832685491106573816
5233832685490472537582
5233832685491107184205
5233832685490471307101
5233832685491108485288
5233832685491109618114
5233832685491110188042
5233832685490467584013
5233832685491111632957
5233832685491111911534
5233832685490466807198
5233832685490467102593
5233832685490464759713
5233832685491115321183
5233832685490463843752
5233832685490462374403
5233832685491117723657
5233832685491118124082
5233832685490460934262
5233832685491119187603
5233832685490458626755
5233832685490458633861
5233832685490458900405
5233832685491120709328
5233832685491121044547
5233832685491121096548
5233832685490457082558
5233832685490457506403
5233832685490457801661
5233832685490455888651
5233832685491123732443
5233832685491124360466
5233832685491125610718
5233832685491125683223
5233832685490453617161
5233832685490451850397
5233832685490451914863
5233832685490451343547
5233832685491129440035
