1846209599784184077679004
1846209599784184077765293
1846209599784184077852403
1846209599784184077961555
1846209599784184077998500
1846209599784184078328531
1846209599784184078596063
1846209599784184078600126
1846209599784184076567386
1846209599784184076583025
1846209599784184076691167
1846209599784184077017171
1846209599784184077264289
1846209599784184077406312
1846209599784184077446166
1846209599784184077538259
1846209599784184078635430
1846209599784184078729220
1846209599784184078868785
1846209599784184079130798
1846209599784184079476623
1846209599784184075960964
1846209599784184076063853
1846209599784184079761286
1846209599784184079793955
1846209599784184079947297
1846209599784184080664357
1846209599784184074600187
1846209599784184074637313
1846209599784184075296886
1846209599784184075306974
1846209599784184075385736
1846209599784184081406590
1846209599784184073383527
1846209599784184073516445
1846209599784184073960029
1846209599784184074135880
1846209599784184081814772
1846209599784184082039864
1846209599784184082349725
1846209599784184082378635
1846209599784184082789040
1846209599784184072648337
1846209599784184072743184
1846209599784184072923842
1846209599784184073172665
1846209599784184083155503
1846209599784184071388725
1846209599784184071585449
1846209599784184071726703
1846209599784184083915703
1846209599784184084839535
1846209599784184071103687
1846209599784184085089123
1846209599784184085456671
1846209599784184085466092
1846209599784184085831537
1846209599784184085937296
1846209599784184069232351
1846209599784184069291750
1846209599784184069356643
1846209599784184086643253
1846209599784184086866958
1846209599784184068555805
1846209599784184068712003
1846209599784184068833797
1846209599784184087051590
1846209599784184087243529
1846209599784184087289131
1846209599784184087396761
1846209599784184087584662
1846209599784184067076030
1846209599784184067811847
1846209599784184068041247
1846209599784184088138895
1846209599784184088204305
1846209599784184088653580
1846209599784184088841115
1846209599784184066261034
1846209599784184066296635
1846209599784184066356550
1846209599784184089092423
1846209599784184089682054
1846209599784184089970620
1846209599784184065586861
1846209599784184065660631
1846209599784184090153871
1846209599784184090161093
1846209599784184064313836
1846209599784184064369264
1846209599784184064549412
1846209599784184064938726
1846209599784184091202228
1846209599784184091427578
1846209599784184092049336
1846209599784184092078394
1846209599784184092150697
1846209599784184092166579
1846209599784184063157025
1846209599784184063320950
1846209599784184063455514
1846209599784184092884643
1846209599784184062007188
1846209599784184062081386
1846209599784184062302824
1846209599784184093748032
1846209599784184093861820
1846209599784184094011612
1846209599784184094076692
1846209599784184094323039
1846209599784184061289299
1846209599784184095164051
1846209599784184095347818
1846209599784184060059451
1846209599784184060406458
1846209599784184095495050
1846209599784184095594512
1846209599784184095887188
1846209599784184058682407
1846209599784184058847688
1846209599784184059533029
1846209599784184097164313
1846209599784184097311085
1846209599784184058433738
1846209599784184097548211
1846209599784184097932466
1846209599784184097982590
1846209599784184056922835
1846209599784184057250621
1846209599784184098810151
1846209599784184055968021
1846209599784184056168479
1846209599784184056179093
1846209599784184056284600
1846209599784184099638735
1846209599784184099671469
1846209599784184099675287
1846209599784184099993574
1846209599784184100376065
1846209599784184055127363
1846209599784184101277046
1846209599784184053461614
1846209599784184053562390
1846209599784184054288622
1846209599784184054380367
1846209599784184102043593
1846209599784184102410218
1846209599784184102491676
1846209599784184102536339
1846209599784184102666321
1846209599784184051849751
1846209599784184051859768
1846209599784184051960240
1846209599784184052130363
1846209599784184104406925
1846209599784184104569791
1846209599784184050527433
1846209599784184050541589
1846209599784184050852996
1846209599784184051060255
1846209599784184051137840
1846209599784184104963937
1846209599784184105229948
1846209599784184105684513
1846209599784184105708493
1846209599784184049675494
1846209599784184106217523
1846209599784184106806263
1846209599784184106826182
1846209599784184048457903
1846209599784184049193969
1846209599784184106979382
1846209599784184108518130
1846209599784184046420334
1846209599784184046581432
1846209599784184109442237
1846209599784184109565859
1846209599784184109663101
1846209599784184109885064
1846209599784184045291639
1846209599784184045986564
1846209599784184046061737
1846209599784184110310451
1846209599784184110324655
1846209599784184110359606
1846209599784184110467225
1846209599784184110655219
1846209599784184110682180
1846209599784184111019469
1846209599784184111571616
1846209599784184043441783
1846209599784184043783960
1846209599784184043872412
1846209599784184112745276
1846209599784184112883654
1846209599784184042168270
1846209599784184041190912
1846209599784184041350878
1846209599784184041553237
1846209599784184041702718
1846209599784184114661702
1846209599784184114927831
1846209599784184115117381
1846209599784184040057083
1846209599784184115394787
1846209599784184115458578
1846209599784184115566607
1846209599784184115584619
1846209599784184115653585
1846209599784184115894034
1846209599784184115895683
1846209599784184038799930
1846209599784184039030856
1846209599784184116686856
1846209599784184116860277
1846209599784184117104731
1846209599784184117343409
1846209599784184038112429
1846209599784184038149107
1846209599784184117444610
1846209599784184117623589
1846209599784184036792175
1846209599784184037209019
1846209599784184037209550
1846209599784184037434024
1846209599784184119223547
1846209599784184119296000
1846209599784184119423807
1846209599784184036391493
1846209599784184119844973
1846209599784184034575073
1846209599784184034636801
1846209599784184034905506
1846209599784184035425540
1846209599784184120679237
1846209599784184120714574
1846209599784184120736165
1846209599784184121498627
1846209599784184033526533
1846209599784184033636719
1846209599784184034110531
1846209599784184034420508
1846209599784184121838071
1846209599784184032855213
1846209599784184033183019
1846209599784184122675762
1846209599784184031576579
1846209599784184032140715
1846209599784184123969765
1846209599784184124113697
1846209599784184124219161
1846209599784184124353379
1846209599784184031357691
1846209599784184125615945
1846209599784184029397940
1846209599784184029657991
1846209599784184029772829
1846209599784184030090166
1846209599784184125797951
1846209599784184125814395
1846209599784184126130053
1846209599784184126280457
1846209599784184028475744
1846209599784184028563438
1846209599784184028669779
1846209599784184028960774
1846209599784184028997672
1846209599784184126882852
1846209599784184127545009
1846209599784184127724059
1846209599784184127763346
1846209599784184027406976
1846209599784184028184750
1846209599784184128346420
1846209599784184128921500
1846209599784184026410618
1846209599784184129441348
1846209599784184129867816
1846209599784184025434696
1846209599784184130003570
1846209599784184130096319
1846209599784184130111010
1846209599784184130264203
1846209599784184024846547
1846209599784184131101013
1846209599784184131371891
1846209599784184131802639
1846209599784184023101408
1846209599784184023370663
1846209599784184132560988
1846209599784184133063866
1846209599784184133750837
1846209599784184021111442
1846209599784184021422172
1846209599784184134943501
1846209599784184135103857
1846209599784184135184807
1846209599784184020011185
1846209599784184020255112
1846209599784184135504469
1846209599784184135929164
1846209599784184136027267
1846209599784184019014974
1846209599784184019202381
1846209599784184019500029
1846209599784184019651090
1846209599784184019785748
1846209599784184019858534
1846209599784184136661298
1846209599784184136663950
1846209599784184018565263
1846209599784184137338301
1846209599784184137503241
1846209599784184138130232
1846209599784184138256948
1846209599784184138354865
1846209599784184017023543
1846209599784184017331723
1846209599784184138570171
1846209599784184139173969
1846209599784184016540882
1846209599784184016553905
1846209599784184139603848
1846209599784184139663135
1846209599784184014966141
1846209599784184013815676
1846209599784184014024839
1846209599784184141680479
1846209599784184142535233
1846209599784184012753089
1846209599784184013498039
1846209599784184013569091
1846209599784184142996771
1846209599784184143791611
1846209599784184144287072
1846209599784184010546011
1846209599784184011364609
1846209599784184144849329
1846209599784184145213304
1846209599784184145435337
1846209599784184145625544
1846209599784184009503937
1846209599784184145745363
1846209599784184145891704
1846209599784184008464878
1846209599784184146905335
1846209599784184007470483
1846209599784184007490861
1846209599784184007714311
1846209599784184008102830
1846209599784184008204113
1846209599784184148363117
1846209599784184148659951
1846209599784184149814535
1846209599784184149904199
1846209599784184005506281
1846209599784184006167886
1846209599784184006233973
1846209599784184150321112
1846209599784184004360240
1846209599784184004831894
1846209599784184004952878
1846209599784184151251205
1846209599784184003265497
1846209599784184003735620
1846209599784184003821875
1846209599784184152356204
1846209599784184152606432
1846209599784184152636779
1846209599784184002159715
1846209599784184153953796
1846209599784184001399134
1846209599784184001854725
1846209599784184155840599
1846209599784184156115593
1846209599784183999854965
1846209599784183998497467
1846209599784184158213142
1846209599784184158271444
1846209599784184158532192
1846209599784184158768482
1846209599784184158800135
1846209599784184158965777
1846209599784184159248045
1846209599784183996100703
1846209599784183996811270
1846209599784184159647409
1846209599784184159755365
1846209599784184161282294
1846209599784183994008960
1846209599784183994018717
1846209599784183994429187
1846209599784183992702004
1846209599784183992886572
1846209599784184162518057
1846209599784183991890283
1846209599784183992457561
1846209599784183992579663
1846209599784184163828143
1846209599784184163857298
1846209599784184164080152
1846209599784183990959523
1846209599784183991167137
1846209599784184164825586
1846209599784184165249189
1846209599784184166252077
1846209599784184166288275
1846209599784183988809401
1846209599784184167040847
1846209599784184167568583
1846209599784184167641312
1846209599784183988095799
1846209599784184167784303
1846209599784184167940538
1846209599784184167998545
1846209599784184168214572
1846209599784183986882593
1846209599784183987157657
1846209599784183987329827
1846209599784183985626077
1846209599784183986164993
1846209599784183984852341
1846209599784184171541848
1846209599784184171635743
1846209599784184171801725
1846209599784183983419693
1846209599784183984124234
1846209599784184172371442
1846209599784183983099394
1846209599784183983172422
1846209599784184172997713
1846209599784184173371284
1846209599784184173519611
1846209599784183981124243
1846209599784183981466733
1846209599784183981893220
1846209599784184175029556
1846209599784183980588976
1846209599784183979281296
1846209599784183979380353
1846209599784183980011941
1846209599784184176383738
1846209599784184177103128
1846209599784184177146622
1846209599784183977944286
1846209599784184178447323
1846209599784184179033883
1846209599784183976670662
1846209599784183974940700
1846209599784183975396371
1846209599784184181187493
1846209599784183973891194
1846209599784184182068552
1846209599784183972819088
1846209599784183973388945
1846209599784183972105751
1846209599784183972687750
1846209599784184183864459
1846209599784184184324641
1846209599784184184380885
1846209599784183970909952
1846209599784183971197241
1846209599784184184941891
1846209599784184185410954
1846209599784184185591065
1846209599784184185621359
1846209599784184185869161
1846209599784184185914425
1846209599784184186492808
1846209599784183968908626
1846209599784184186997091
1846209599784183967464486
1846209599784183968115505
1846209599784183968409163
1846209599784184188515963
1846209599784183967114316
1846209599784184189079689
1846209599784184189448398
1846209599784183965386949
1846209599784183965416628
1846209599784183966048707
1846209599784184189977810
1846209599784184190129791
1846209599784184190602103
1846209599784183964324975
1846209599784183965168641
1846209599784184190805229
1846209599784184191503396
1846209599784183963580186
1846209599784184191912229
1846209599784184192108265
1846209599784184192268072
1846209599784184192622735
1846209599784183962486527
1846209599784183961212269
1846209599784183961780462
1846209599784183961897867
1846209599784184193949524
1846209599784183960449393
1846209599784183960836633
1846209599784184195567422
1846209599784183959647502
1846209599784183959793467
1846209599784183959861233
1846209599784183960050547
1846209599784184196132778
1846209599784184196285247
1846209599784184196731488
1846209599784184196841040
1846209599784183958320659
1846209599784183958329223
1846209599784184197260366
1846209599784184197702039
1846209599784183957475357
1846209599784183955954603
1846209599784183956060537
1846209599784183956744466
1846209599784184199735782
1846209599784184200018185
1846209599784184200333028
1846209599784184200597996
1846209599784183954037550
1846209599784183954398752
1846209599784183954495241
1846209599784184202055274
1846209599784184202208544
1846209599784183952911886
1846209599784183953561304
1846209599784183953739155
1846209599784184202644438
1846209599784184203039910
1846209599784184203408951
1846209599784184204006899
1846209599784183950977917
1846209599784183951100166
1846209599784183951386795
1846209599784184205228567
1846209599784184205358715
1846209599784183950615639
1846209599784184207483019
1846209599784183947840563
1846209599784183947091156
1846209599784184209603299
1846209599784184210153117
1846209599784184210236741
1846209599784184210357406
1846209599784184210812018
1846209599784184211076685
1846209599784183943945030
1846209599784184211832407
1846209599784184212052484
1846209599784183942379838
1846209599784183942800233
1846209599784183943142093
1846209599784184212914899
1846209599784184213599400
1846209599784183941453081
1846209599784184214709914
1846209599784184214943898
1846209599784183939762583
1846209599784184216103142
1846209599784183938187029
1846209599784184217346512
1846209599784183937063431
1846209599784183937115734
1846209599784183936222436
1846209599784183936417146
1846209599784184219191001
1846209599784184220152679
1846209599784183934244859
1846209599784183934634269
1846209599784183934939950
1846209599784183933794695
1846209599784183932450431
1846209599784183932540938
1846209599784184223811444
1846209599784184223856572
1846209599784184224205149
1846209599784183931308509
1846209599784183931319165
1846209599784183931322713
1846209599784183931536078
1846209599784184225025569
1846209599784184225292537
1846209599784183929771811
1846209599784183930091700
1846209599784183930196264
1846209599784183930300950
1846209599784184226025052
1846209599784184226418671
1846209599784183929488600
1846209599784184226643878
1846209599784184228258018
1846209599784184229336993
1846209599784183925982626
1846209599784184230521102
1846209599784184230607167
1846209599784183924975502
1846209599784183925276961
1846209599784184231058493
1846209599784183923769548
1846209599784184231942143
1846209599784184232876939
1846209599784184233318034
1846209599784183922305592
1846209599784183918496163
1846209599784183919138315
1846209599784184237554009
1846209599784184239141876
1846209599784184239758485
1846209599784184240062547
1846209599784183915735227
1846209599784183914149545
1846209599784184241282281
1846209599784183913246624
1846209599784184242216274
1846209599784183912454050
1846209599784184244041113
1846209599784183911015813
1846209599784184244687451
1846209599784183910720577
1846209599784184246554839
1846209599784184246885887
1846209599784183908571727
1846209599784183908605598
1846209599784184247435805
1846209599784184248356819
1846209599784183907267559
1846209599784184249220713
1846209599784183905753420
1846209599784183905827069
1846209599784183905958363
1846209599784183906140298
1846209599784184250790596
1846209599784184250892865
1846209599784184251265094
1846209599784184251315012
1846209599784184251795789
1846209599784184251854804
1846209599784184253130940
1846209599784183901530442
1846209599784183902110507
1846209599784183902197037
1846209599784184253761953
1846209599784184253822014
1846209599784184254007945
1846209599784183900419154
1846209599784183900423577
1846209599784183901109794
1846209599784183901210778
1846209599784184255030340
1846209599784184255127387
1846209599784184255415816
1846209599784184255780675
1846209599784183899785307
1846209599784183900102998
1846209599784184256074118
1846209599784184256501080
1846209599784184256561728
1846209599784183898652405
1846209599784184257974593
1846209599784184258165927
1846209599784183896267000
1846209599784184258962498
1846209599784183895442297
1846209599784183896002705
1846209599784183896004037
1846209599784183894128714
1846209599784183894472265
1846209599784183894889327
1846209599784184261081003
1846209599784183893138463
1846209599784184262597458
1846209599784183892800932
1846209599784183892837543
1846209599784184264161251
1846209599784183890947924
1846209599784184264217570
1846209599784183890205149
1846209599784183890826786
1846209599784183890850466
1846209599784184266380687
1846209599784184267627348
1846209599784184267992757
1846209599784183886932229
1846209599784183887647025
1846209599784183887660977
1846209599784183887664286
1846209599784184269082485
1846209599784183885906009
1846209599784184270086743
1846209599784184270982920
1846209599784183884088337
1846209599784183884177499
1846209599784183884338079
1846209599784184271656979
1846209599784184272316389
1846209599784184272405443
1846209599784183881751223
1846209599784183882050562
1846209599784183880843159
1846209599784183881017750
1846209599784183881410429
1846209599784183880151724
1846209599784184275917697
1846209599784183878411777
1846209599784184277359046
1846209599784184277458612
1846209599784184277715894
1846209599784183877631298
1846209599784184278812705
1846209599784183876806492
1846209599784183877120786
1846209599784184278897572
1846209599784184278910054
1846209599784184279158225
1846209599784184279380788
1846209599784183874325338
1846209599784183874754807
1846209599784183875059273
1846209599784184282223551
1846209599784184282281284
1846209599784184282739156
1846209599784183872895945
1846209599784184283420733
1846209599784183871059557
1846209599784184284266249
1846209599784184284314015
1846209599784184284788474
1846209599784183870863657
1846209599784184285306497
1846209599784184285487909
1846209599784183869815757
1846209599784184286497091
1846209599784183867871842
1846209599784183868218075
1846209599784184287715195
1846209599784184287730933
1846209599784183865935677
1846209599784183866733265
1846209599784184290830596
1846209599784183863724343
1846209599784183863856028
1846209599784183862606641
1846209599784183862693778
1846209599784183863564397
1846209599784184293255134
1846209599784184294365371
1846209599784184294397429
1846209599784183861267242
1846209599784184295277850
1846209599784184296450433
1846209599784184297730251
1846209599784184298733464
1846209599784183856457488
1846209599784183856874339
1846209599784184298979928
1846209599784183855546356
1846209599784183855654628
1846209599784183855969456
1846209599784183854954612
1846209599784184301103914
1846209599784184301170755
1846209599784184301928705
1846209599784183853280038
1846209599784183852612931
1846209599784184303256029
1846209599784184303465420
1846209599784183851968387
1846209599784184304593346
1846209599784184304949162
1846209599784183850495759
1846209599784184305239576
1846209599784184306555370
1846209599784184307066878
1846209599784184307586232
1846209599784184308196036
1846209599784184308468737
1846209599784184308567873
1846209599784183846548071
1846209599784183844779106
1846209599784183845193051
1846209599784183845627667
1846209599784184311385498
1846209599784183844301247
1846209599784184311862123
1846209599784183843040104
1846209599784183843523072
1846209599784184312544819
1846209599784183842479933
1846209599784184313854145
1846209599784184314500999
1846209599784184314522525
1846209599784184314776542
1846209599784184315408271
1846209599784183839788876
1846209599784183839849032
1846209599784184315680035
1846209599784183838518049
1846209599784183838696007
1846209599784183839462077
1846209599784184317700034
1846209599784184318199320
1846209599784183836575035
1846209599784183836763911
1846209599784183836865269
1846209599784184319096467
1846209599784184319147575
1846209599784184319218003
1846209599784183835704038
1846209599784183835780406
1846209599784184320701861
1846209599784184321363390
1846209599784183834104855
1846209599784183832213787
1846209599784183832216711
1846209599784183832257900
1846209599784183832659673
1846209599784184325017322
1846209599784184325295847
1846209599784184325512222
1846209599784184325680498
1846209599784184326670918
1846209599784183828426304
1846209599784184327708027
1846209599784183827282993
1846209599784183827596051
1846209599784183827812963
1846209599784183826076723
1846209599784183826355123
1846209599784184329782338
1846209599784183823943347
1846209599784183824209060
1846209599784183822991653
1846209599784184333119121
1846209599784184333220556
1846209599784184333338355
1846209599784184333347365
1846209599784183822607381
1846209599784184333605251
1846209599784184334323169
1846209599784183821104169
1846209599784183821193177
1846209599784183818774677
1846209599784183819077097
1846209599784184337198181
1846209599784184338114805
1846209599784183817089214
1846209599784183815948202
1846209599784183814459040
1846209599784183814506741
1846209599784183814596623
1846209599784184340864420
1846209599784184342771711
1846209599784183810478351
1846209599784183811070996
1846209599784184345660239
1846209599784183809349919
1846209599784183809725141
1846209599784183809763671
1846209599784184346533327
1846209599784183808336896
1846209599784183807538498
1846209599784183808000337
1846209599784184348307017
1846209599784183806053436
1846209599784184349358527
1846209599784184349586643
1846209599784183804553640
1846209599784184351319676
1846209599784184351637821
1846209599784184351725892
1846209599784183802425620
1846209599784184353346697
1846209599784184354989781
1846209599784184355420339
1846209599784183800092353
1846209599784183800351980
1846209599784183798990987
1846209599784183798082177
1846209599784183798353119
1846209599784183798383513
1846209599784184357659427
1846209599784183796566361
1846209599784184359274795
1846209599784184359449816
1846209599784183794798594
1846209599784184361318200
1846209599784184361426967
1846209599784184362218145
1846209599784184362756522
1846209599784183791908786
1846209599784183792212111
1846209599784184363864744
1846209599784183790350595
1846209599784184365459625
1846209599784183789461944
1846209599784184366011919
1846209599784184366018539
1846209599784183788391525
1846209599784184367388972
1846209599784184367746105
1846209599784184367970984
1846209599784183787283859
1846209599784183787774222
1846209599784183787777662
1846209599784183786568919
1846209599784183785052996
1846209599784184370366570
1846209599784183784054828
1846209599784183784825486
1846209599784184371178915
1846209599784184371550434
1846209599784184371934739
1846209599784184372156871
1846209599784183783070465
1846209599784184372383184
1846209599784184372970155
1846209599784183781382719
1846209599784183781505582
1846209599784183779952912
1846209599784183780675007
1846209599784183780757077
1846209599784183778934823
1846209599784184376824963
1846209599784184377560486
1846209599784183777429443
1846209599784183776496417
1846209599784184380424216
1846209599784183775037950
1846209599784184381028283
1846209599784183773889712
1846209599784183774481074
1846209599784184381888081
1846209599784184382194507
1846209599784183772540999
1846209599784183772759097
1846209599784184383235732
1846209599784183772283537
1846209599784184384010903
1846209599784184385343115
1846209599784184386547139
1846209599784183768600593
1846209599784183768901797
1846209599784184387014399
1846209599784184387131729
1846209599784183767810881
1846209599784183767837863
1846209599784184387971910
1846209599784184388468819
1846209599784184388773803
1846209599784183766174762
1846209599784184389074743
1846209599784184389215639
1846209599784184389710836
1846209599784183765087765
1846209599784183765326829
1846209599784183765673289
1846209599784184390086075
1846209599784183764420888
1846209599784184391094128
1846209599784183763675806
1846209599784183761576034
1846209599784183761626441
1846209599784183761908457
1846209599784184395158459
1846209599784184395245243
1846209599784184395269913
1846209599784183759999322
1846209599784184395743589
1846209599784183759249356
1846209599784183759552229
1846209599784183758259841
1846209599784183757369621
1846209599784183757573097
1846209599784184398925731
1846209599784184399132761
1846209599784183756287759
1846209599784184399583977
1846209599784184399642412
1846209599784184400097834
1846209599784183754662310
1846209599784183754754840
1846209599784184400546517
1846209599784183754218942
1846209599784184401599613
1846209599784184402262529
1846209599784183753390293
1846209599784183751800694
1846209599784184404229201
1846209599784184404305763
1846209599784184404479287
1846209599784184404655408
1846209599784183750951285
1846209599784183749806322
1846209599784183750106306
1846209599784184405859091
1846209599784184406194723
1846209599784184406319547
1846209599784183748726273
1846209599784183748836177
1846209599784184407591412
1846209599784183748210950
1846209599784184408835178
1846209599784183745573619
1846209599784183746160424
1846209599784183744555705
1846209599784183744578626
1846209599784184411124367
1846209599784184411888443
1846209599784184411922679
1846209599784183743343311
1846209599784184412680626
1846209599784183743009351
1846209599784184413474135
1846209599784184413722643
1846209599784184413867025
1846209599784183741017918
1846209599784183741733096
1846209599784184415131641
1846209599784184416063653
1846209599784183739745076
1846209599784184416598075
1846209599784183738110441
1846209599784184418308721
1846209599784183737273927
1846209599784183735784201
1846209599784183736477697
1846209599784184419506122
1846209599784184420368997
1846209599784184420898039
1846209599784183733821291
1846209599784184421570523
1846209599784184422403757
1846209599784184423636898
1846209599784183730824085
1846209599784183731165758
1846209599784183730377201
1846209599784184425804224
1846209599784184426097827
1846209599784184426301893
1846209599784183728580143
1846209599784183728961776
1846209599784183729002540
1846209599784183729389204
1846209599784183728193175
1846209599784184429000321
1846209599784184429312289
1846209599784183725338583
1846209599784183725716056
1846209599784184430336817
1846209599784184430388833
1846209599784183724968709
1846209599784184431369145
1846209599784184431769035
1846209599784184432332161
1846209599784184432838863
1846209599784183723129397
1846209599784184435967185
1846209599784184435968210
1846209599784183719964879
1846209599784184436581429
1846209599784183718226044
1846209599784183715266964
1846209599784183713874265
1846209599784183714557413
1846209599784183714597931
1846209599784184441892971
1846209599784183712843723
1846209599784183712867364
1846209599784183713153545
1846209599784183713468016
1846209599784184442629271
1846209599784184442929455
1846209599784184443031795
1846209599784184443145378
1846209599784183711176671
1846209599784184444676707
1846209599784184444953050
1846209599784183708538849
1846209599784183708825017
1846209599784183707717983
1846209599784184449039187
1846209599784184449754717
1846209599784183706093325
1846209599784184451687977
1846209599784184451781943
1846209599784183703502116
1846209599784184452066398
1846209599784184452509282
1846209599784183702579629
1846209599784184453001143
1846209599784184453054995
1846209599784183701367041
1846209599784184455543917
1846209599784183699447499
1846209599784184457116128
1846209599784183698291164
1846209599784183698494562
1846209599784184457339522
1846209599784184457601778
1846209599784184457649328
1846209599784184457902384
1846209599784184458522819
1846209599784183696215296
1846209599784183696841835
1846209599784184459453754
1846209599784184459955888
1846209599784183695150560
1846209599784184460471677
1846209599784184460806472
1846209599784183694365278
1846209599784183694396775
1846209599784184462294318
1846209599784184463240533
1846209599784183691877122
1846209599784184465177597
1846209599784184465351273
1846209599784183690171686
1846209599784184466077034
1846209599784184466114735
1846209599784184467024167
1846209599784183687913045
1846209599784184468058876
1846209599784184468100674
1846209599784183686529155
1846209599784184468970807
1846209599784183685752103
1846209599784183685831984
1846209599784183686229941
1846209599784184470239989
1846209599784183684415667
1846209599784183683302179
1846209599784183683315569
1846209599784183683933295
1846209599784184472681887
1846209599784184472707560
1846209599784183681455429
1846209599784183682042943
1846209599784184474716831
1846209599784183680259532
1846209599784184475486669
1846209599784183679821594
1846209599784183679949568
1846209599784183678425050
1846209599784184479088440
1846209599784183676413811
1846209599784184479537174
1846209599784184480944597
1846209599784184481002629
1846209599784184481204594
1846209599784183673433071
1846209599784183673820787
1846209599784183671969061
1846209599784184483360616
1846209599784184483941037
1846209599784183671179242
1846209599784183671587435
1846209599784183671604987
1846209599784183671655571
1846209599784183668900319
1846209599784183669164543
1846209599784183669311257
1846209599784184486779457
1846209599784183667775483
1846209599784183666589354
1846209599784184489013445
1846209599784184489196209
1846209599784184489327031
1846209599784183665475049
1846209599784183665996477
1846209599784183665192405
1846209599784183665281595
1846209599784184491045670
1846209599784184491572958
1846209599784183663938813
1846209599784183664210465
1846209599784184492658555
1846209599784183662477866
1846209599784183662551663
1846209599784184493722132
1846209599784183660398844
1846209599784184495163285
1846209599784184496286981
1846209599784183658615852
1846209599784183658950461
1846209599784184497931850
1846209599784183656235349
1846209599784184499870888
1846209599784184500356819
1846209599784184500695032
1846209599784183654891176
1846209599784184501666139
1846209599784184501817573
1846209599784184502104526
1846209599784184502240807
1846209599784184505147465
1846209599784184505562637
1846209599784184506920852
1846209599784183648091752
1846209599784183647455449
1846209599784184509165755
1846209599784184509203184
1846209599784183646274291
1846209599784184509594636
1846209599784184510256639
1846209599784184510446907
1846209599784183644821148
1846209599784184511010020
1846209599784183643488448
1846209599784183643628747
1846209599784184511809442
1846209599784184512243568
1846209599784183643064802
1846209599784183642378475
1846209599784184514480412
1846209599784184514816525
1846209599784184514883401
1846209599784184515267491
1846209599784184515858103
1846209599784183639404097
1846209599784184516167071
1846209599784183638398148
1846209599784183638712413
1846209599784183637560973
1846209599784183637822443
1846209599784184518934235
1846209599784183636291406
1846209599784184519378629
1846209599784183635292677
1846209599784183635593010
1846209599784184520570338
1846209599784183634839659
1846209599784184521623252
1846209599784184521904781
1846209599784184522159965
1846209599784183632596252
1846209599784183630994073
1846209599784184524899420
1846209599784184524969712
1846209599784184525090063
1846209599784183630590888
1846209599784183630625017
1846209599784184526082471
1846209599784183629398673
1846209599784183629612880
1846209599784184526618866
1846209599784184526726588
1846209599784184526803732
1846209599784184527360517
1846209599784184531512475
1846209599784183624397492
1846209599784183624404719
1846209599784183622662023
1846209599784183622825093
1846209599784183623419432
1846209599784184533356822
1846209599784183622290961
1846209599784184534226604
1846209599784183620960760
1846209599784183619445344
1846209599784183620334976
1846209599784184535916383
1846209599784184536628151
1846209599784184537035432
1846209599784183617525536
1846209599784184538397231
1846209599784184539086389
1846209599784183615656969
1846209599784183614433409
1846209599784183615091145
1846209599784184541069078
1846209599784184541681724
1846209599784184542590471
1846209599784184542834154
1846209599784184543154240
1846209599784184543531070
1846209599784184544147539
1846209599784183611658581
1846209599784184544802391
1846209599784184544932042
1846209599784183610385249
1846209599784183607816427
1846209599784183608293285
1846209599784184547529235
1846209599784184547629467
1846209599784183607407782
1846209599784184548870858
1846209599784184551562390
1846209599784183602743662
1846209599784183603037873
1846209599784184552690817
1846209599784184553895442
1846209599784183600616937
1846209599784184554871560
1846209599784184555593997
1846209599784183599428796
1846209599784183600367447
1846209599784183598689909
1846209599784184557180493
1846209599784183597343706
1846209599784184558236858
1846209599784183596593943
1846209599784184560052563
1846209599784184560714790
1846209599784184560859156
1846209599784184561233247
1846209599784183593972612
1846209599784184563552275
1846209599784184563953855
1846209599784184564384619
1846209599784184564999932
1846209599784184565094489
1846209599784184566739243
1846209599784183587975200
1846209599784183588378971
1846209599784183588778416
1846209599784183588780295
1846209599784184567652816
1846209599784184568247659
1846209599784183586940425
1846209599784183587762003
1846209599784183586408333
1846209599784183586436935
1846209599784184569567367
1846209599784183585533067
1846209599784183584586284
1846209599784184571703305
1846209599784183583580271
1846209599784184573793653
1846209599784184574062103
1846209599784183581016737
1846209599784184575353057
1846209599784183580027462
1846209599784183579298334
1846209599784183579323822
1846209599784183578202797
1846209599784184578132856
1846209599784183577261049
1846209599784184579252285
1846209599784184580049937
1846209599784183573391459
1846209599784183572520975
1846209599784183571578849
1846209599784183571998585
1846209599784184584712095
1846209599784183569085295
1846209599784183568897454
1846209599784184587402055
1846209599784183566968997
1846209599784183567447507
1846209599784184591001722
1846209599784184591317969
1846209599784183563852841
1846209599784183564662293
1846209599784184591733107
1846209599784184591931578
1846209599784183563146146
1846209599784184592421799
1846209599784184593367053
1846209599784183562284871
1846209599784183562476367
1846209599784184594125197
1846209599784183560760670
1846209599784183559860545
1846209599784183560161333
1846209599784183560287340
1846209599784184595718053
1846209599784183558951692
1846209599784183559456563
1846209599784183557890863
1846209599784183558076106
1846209599784183554460890
1846209599784183554548629
1846209599784184601046337
1846209599784183553805196
1846209599784184603037194
1846209599784183551924786
1846209599784183552175427
1846209599784184604444297
1846209599784184605389518
1846209599784183549105087
1846209599784184606434263
1846209599784184607021762
1846209599784184608478937
1846209599784183545934939
1846209599784184609439441
1846209599784183545487166
1846209599784184610258434
1846209599784184610700464
1846209599784183543176708
1846209599784183543184855
1846209599784183542654961
1846209599784184613411102
1846209599784184613543159
1846209599784184613698668
1846209599784183541376891
1846209599784183541526756
1846209599784183540053071
1846209599784183540077581
1846209599784184618374789
1846209599784183537510062
1846209599784184618795208
1846209599784184620176413
1846209599784184621416539
1846209599784184621543839
1846209599784184622081073
1846209599784184622802523
1846209599784183532815831
1846209599784184622936467
1846209599784184624329195
1846209599784183530893620
1846209599784183530960679
1846209599784184624925713
1846209599784184625848178
1846209599784184625921677
1846209599784183530164305
1846209599784184626091526
1846209599784184627827006
1846209599784184628048117
1846209599784183527716871
1846209599784184628709059
1846209599784183526195227
1846209599784183526717636
1846209599784183526764416
1846209599784183526806686
1846209599784183525189145
1846209599784184631646659
1846209599784183523156159
1846209599784183523723529
1846209599784183523850195
1846209599784184632824746
1846209599784183522298569
1846209599784183522825519
1846209599784184635212231
1846209599784184635958940
1846209599784183519491105
1846209599784183519533740
1846209599784183515902331
1846209599784184640119041
1846209599784184640342920
1846209599784183514071347
1846209599784184642123743
1846209599784184642142905
1846209599784183512768773
1846209599784183513131502
1846209599784184642921725
1846209599784184642989381
1846209599784183512184280
1846209599784183512272792
1846209599784184643787937
1846209599784184644147305
1846209599784183510936793
1846209599784184646173017
1846209599784183508480502
1846209599784184647112337
1846209599784184647149558
1846209599784183507558187
1846209599784184648780517
1846209599784184649029113
1846209599784184649032972
1846209599784183505232665
1846209599784184650825134
1846209599784183504734006
1846209599784183503844607
1846209599784184652643621
1846209599784183502193809
1846209599784184653718882
1846209599784184654079460
1846209599784184655286371
1846209599784183499042834
1846209599784183499258141
1846209599784183499599812
1846209599784183499658363
1846209599784184657461943
1846209599784184660956329
1846209599784184661276383
1846209599784183494266016
1846209599784183494343392
1846209599784184662107339
1846209599784183492736217
1846209599784183493442169
1846209599784184663073635
1846209599784183491104009
1846209599784183491159230
1846209599784184666465245
1846209599784184667024849
1846209599784184667111584
1846209599784184667540812
1846209599784183487874957
1846209599784184668616415
1846209599784184669086710
1846209599784184671006219
1846209599784184671877733
1846209599784183483359185
1846209599784184672853969
1846209599784184674147895
1846209599784184675037236
1846209599784183478062325
1846209599784184677348510
1846209599784183476902804
1846209599784184678602470
1846209599784184678603961
1846209599784184679418987
1846209599784183475930891
1846209599784183475523336
1846209599784183475646263
1846209599784184680513050
1846209599784183473846259
1846209599784184681929799
1846209599784184682121207
1846209599784183473465943
1846209599784184682937397
1846209599784184684346662
1846209599784184684651968
1846209599784183470509895
1846209599784184684836397
1846209599784183469937754
1846209599784183470238830
1846209599784183468722637
1846209599784183469157764
1846209599784183468005690
1846209599784184688322164
1846209599784183467065874
1846209599784184689475269
1846209599784183465438070
1846209599784183465541570
1846209599784183465574871
1846209599784184690061920
1846209599784184691185164
1846209599784184692549151
1846209599784183462576413
1846209599784184693551687
1846209599784183461263050
1846209599784183459735701
1846209599784184696969615
1846209599784183457872281
1846209599784183457937457
1846209599784183458386302
1846209599784184698244808
1846209599784183457227143
1846209599784184699279391
1846209599784183456118912
1846209599784183456350069
1846209599784184700130472
1846209599784183454741397
1846209599784183455606039
1846209599784183455667159
1846209599784184700854921
1846209599784184701634205
1846209599784184701959900
1846209599784184703472993
1846209599784184703475605
1846209599784183452189389
1846209599784184704289901
1846209599784183450599370
1846209599784184705598425
1846209599784183449474178
1846209599784183449650929
1846209599784183449795159
1846209599784183449810173
1846209599784184705948688
1846209599784184706327525
1846209599784183448555384
1846209599784183448984639
1846209599784184708379397
1846209599784184708551122
1846209599784184709481979
1846209599784184709665964
1846209599784183446134019
1846209599784184710085543
1846209599784184710144486
1846209599784183444849373
1846209599784183443356229
1846209599784184713056194
1846209599784184713311704
1846209599784184714610485
1846209599784183440075905
1846209599784183440691803
1846209599784184715220923
1846209599784184716902885
1846209599784184717005005
1846209599784184717359961
1846209599784183437664532
1846209599784183435850427
1846209599784184720210035
1846209599784183433911043
1846209599784183434419058
1846209599784184721828649
1846209599784183433091811
1846209599784183433321003
1846209599784184723486822
1846209599784184724095033
1846209599784184724115745
1846209599784183431386801
1846209599784184724823412
1846209599784183429587908
1846209599784183429767824
1846209599784183429043600
1846209599784183428179237
1846209599784184728402114
1846209599784183426473390
1846209599784183426847457
1846209599784183427232466
1846209599784184728845219
1846209599784184728872236
1846209599784183426097761
1846209599784183424644991
1846209599784183424783117
1846209599784183424999264
1846209599784184731702163
1846209599784184731779481
1846209599784183423829703
1846209599784184733523215
1846209599784183422060177
1846209599784184734096748
1846209599784184734606075
1846209599784184734908861
1846209599784183420474402
1846209599784183418399169
1846209599784183418963767
1846209599784184737847187
1846209599784183417282065
1846209599784184740893894
1846209599784184740906862
1846209599784183414568264
1846209599784184742644801
1846209599784183411746188
1846209599784183411950260
1846209599784183410005582
1846209599784183410203377
1846209599784183408702121
1846209599784183409377072
1846209599784184746832373
1846209599784183407574879
1846209599784183408095929
1846209599784183405902422
1846209599784184750572454
1846209599784183405275728
1846209599784184751129822
1846209599784184752336073
1846209599784183402435857
1846209599784183403304095
1846209599784184753302484
1846209599784183401373040
1846209599784183401944047
1846209599784184754324983
1846209599784183400260250
1846209599784184756623451
1846209599784184757051423
1846209599784184757134215
1846209599784184757614062
1846209599784184758100442
1846209599784183396150400
1846209599784183395415759
1846209599784184760580540
1846209599784184760832103
1846209599784183394057523
1846209599784184761393997
1846209599784184761722803
1846209599784183393829573
1846209599784183393846274
1846209599784183391864821
1846209599784184764238228
1846209599784184765021446
1846209599784183389773475
1846209599784183390562662
1846209599784184765904401
1846209599784184766113363
1846209599784183387632689
1846209599784183387737651
1846209599784183387317318
1846209599784184768633730
1846209599784184768658788
1846209599784184769253928
1846209599784183386214238
1846209599784184769890492
1846209599784183384148829
1846209599784184771789663
1846209599784184774041873
1846209599784184774340916
1846209599784184774783455
1846209599784183381043044
1846209599784184775196697
1846209599784184776358830
1846209599784183378576008
1846209599784184777400215
1846209599784183377970417
1846209599784184778921262
1846209599784183376153938
1846209599784183376838623
1846209599784183376855753
1846209599784183375682706
1846209599784184780664753
1846209599784183374091077
1846209599784184781306072
1846209599784184781985083
1846209599784183373698719
1846209599784183372070400
1846209599784184783281540
1846209599784184785876545
1846209599784183369184211
1846209599784183368568442
1846209599784184788914996
1846209599784184789676039
1846209599784184789891469
1846209599784184790217472
1846209599784184790261266
1846209599784183363628322
1846209599784183364426121
1846209599784183362845149
1846209599784183362068740
1846209599784183362077529
1846209599784184794927265
1846209599784184795233845
1846209599784183358331096
1846209599784184797436532
1846209599784184798564885
1846209599784183356970955
1846209599784183357009286
1846209599784183355401127
1846209599784184801177821
1846209599784184801583321
1846209599784183352149958
1846209599784183352220797
1846209599784183352599701
1846209599784184803642899
1846209599784184803987061
1846209599784183351492586
1846209599784184804587499
1846209599784183350725099
1846209599784183348799321
1846209599784183349358859
1846209599784184806319006
1846209599784183348207281
1846209599784183347019238
1846209599784183345986714
1846209599784184809852489
1846209599784183344324017
1846209599784183341856473
1846209599784183340944849
1846209599784184815526281
1846209599784183340280191
1846209599784183337347049
1846209599784184818666587
1846209599784184818886117
1846209599784183336522343
1846209599784183336836270
1846209599784183337130614
1846209599784184819547107
1846209599784183335215879
1846209599784184820558259
1846209599784184820804891
1846209599784184821373931
1846209599784184821923938
1846209599784183333081965
1846209599784183333313759
1846209599784183333882981
1846209599784183334056668
1846209599784184823016941
1846209599784184824085393
1846209599784183331784745
1846209599784183330139753
1846209599784183329818751
1846209599784184826683485
1846209599784184827234685
1846209599784183327998968
1846209599784183328824204
1846209599784184827398534
1846209599784184827746385
1846209599784183326848547
1846209599784184828743495
1846209599784184829248394
1846209599784183326608037
1846209599784183326627957
1846209599784183324948511
1846209599784183325672019
1846209599784184831014961
1846209599784184832301928
1846209599784183323099711
1846209599784184832856983
1846209599784184833002969
1846209599784183321594049
1846209599784183322470544
1846209599784184833981493
1846209599784184834112186
1846209599784183320623330
1846209599784183321457310
1846209599784183321473577
1846209599784183319887631
1846209599784183319960577
1846209599784184836678241
1846209599784184836859708
1846209599784184837028377
1846209599784184837302987
1846209599784184837477733
1846209599784183318225456
1846209599784184839574533
1846209599784183315968072
1846209599784184840191430
1846209599784184840449905
1846209599784183314465761
1846209599784183314062927
1846209599784183312173255
1846209599784184843773832
1846209599784183311528295
1846209599784183310257752
1846209599784183309124676
1846209599784183308320996
1846209599784183308575451
1846209599784183308675281
1846209599784184847999359
1846209599784183307209996
1846209599784183307374097
1846209599784183306804372
1846209599784184849958147
1846209599784183305796880
1846209599784183303785683
1846209599784183303884391
1846209599784183301098171
1846209599784184854927371
1846209599784184855811363
1846209599784184856683459
1846209599784184858019475
1846209599784183297229957
1846209599784183295861983
1846209599784183295914799
1846209599784184861689988
1846209599784184862645308
1846209599784184863938035
1846209599784184864086977
1846209599784184864327042
1846209599784184864351490
1846209599784184865446446
1846209599784184865713655
1846209599784183289111519
1846209599784183289208795
1846209599784184866238219
1846209599784184866456323
1846209599784183288025603
1846209599784184868121989
1846209599784183287532637
1846209599784183287639662
1846209599784183286858295
1846209599784183285201981
1846209599784183285202955
1846209599784183285278608
1846209599784183285500048
1846209599784184871051272
1846209599784183284191793
1846209599784183284487491
1846209599784184871367318
1846209599784184871596223
1846209599784184872122536
1846209599784184872630942
1846209599784183282320195
1846209599784183282621617
1846209599784184873549721
1846209599784184873807250
1846209599784184874004889
1846209599784184874459449
1846209599784183281400595
1846209599784184874547235
1846209599784184875078793
1846209599784183280502044
1846209599784184875666648
1846209599784183278582980
1846209599784183278689464
1846209599784183277503499
1846209599784183277189526
1846209599784183276237887
1846209599784184880926918
1846209599784183273563432
1846209599784184882096561
1846209599784184885680720
1846209599784183267206539
1846209599784183267747169
1846209599784184888774073
1846209599784184889486894
1846209599784184891171081
1846209599784184891605045
1846209599784183263227753
1846209599784183263659180
1846209599784184892478747
1846209599784184892611660
1846209599784184893578369
1846209599784184894028088
1846209599784184894311585
1846209599784183261047360
1846209599784184894525081
1846209599784184895143223
1846209599784183259831693
1846209599784183259885957
1846209599784184896141588
1846209599784184896250732
1846209599784183257696299
1846209599784183257933575
1846209599784183257961991
1846209599784184897583615
1846209599784183257380531
1846209599784183255776717
1846209599784183256250838
1846209599784184900105545
1846209599784184900514171
1846209599784184900680837
1846209599784183254985302
1846209599784184901192521
1846209599784184901628167
1846209599784184902237656
1846209599784183253005738
1846209599784183251862582
1846209599784183250821484
1846209599784183249554962
1846209599784183248709639
1846209599784184908686453
1846209599784184909328651
1846209599784184909340647
1846209599784183245001517
1846209599784184910230147
1846209599784184912203397
1846209599784183243368142
1846209599784183243755847
1846209599784184912657206
1846209599784183242075669
1846209599784183242368251
1846209599784184915641604
1846209599784184915642012
1846209599784183239358511
1846209599784184918720445
1846209599784184918940982
1846209599784183235569782
1846209599784184920543345
1846209599784184921576159
1846209599784184922003855
1846209599784184922523310
1846209599784184923456904
1846209599784183231685205
1846209599784183232020887
1846209599784184924773811
1846209599784183229290545
1846209599784184925927967
1846209599784184928267522
1846209599784183226987472
1846209599784184929272403
1846209599784183224066140
1846209599784183223452152
1846209599784184933022670
1846209599784183222952952
1846209599784184933330443
1846209599784184934103695
1846209599784183221172745
1846209599784183220819991
1846209599784184935509355
1846209599784184935529550
1846209599784184936776613
1846209599784183217560578
1846209599784184938884720
1846209599784183215846227
1846209599784183214943937
1846209599784183215389649
1846209599784183214034404
1846209599784183214272870
1846209599784183212929636
1846209599784184944305458
1846209599784184944407582
1846209599784183210430379
1846209599784184945379341
1846209599784183209377923
1846209599784184946191556
1846209599784184947182701
1846209599784183208248387
1846209599784184947886173
1846209599784183206738127
1846209599784183206094149
1846209599784184950262597
1846209599784184951562841
1846209599784184951802755
1846209599784183202041689
1846209599784183202554587
1846209599784183201013383
1846209599784184954585867
1846209599784183199840597
1846209599784184956678418
1846209599784184958320781
1846209599784183197310341
1846209599784183195890617
1846209599784183196257517
1846209599784184959688283
1846209599784184960303630
1846209599784184960706990
1846209599784184961482763
1846209599784183194112623
1846209599784184961914196
1846209599784183193273984
1846209599784184963601308
1846209599784183192315862
1846209599784184963709801
1846209599784184964043052
1846209599784183190489195
1846209599784184965360214
1846209599784184965529594
1846209599784183189615080
1846209599784183190062529
1846209599784183190319117
1846209599784183188550209
1846209599784183188663282
1846209599784183187638987
1846209599784183187680627
1846209599784183186006322
1846209599784184971247229
1846209599784184971324207
1846209599784184971579314
1846209599784184971774843
1846209599784183183586457
1846209599784184972258500
1846209599784184972272443
1846209599784184973002001
1846209599784183181435639
1846209599784184974800144
1846209599784183180440485
1846209599784184976038613
1846209599784184976506986
1846209599784184976939371
1846209599784183178624803
1846209599784183177858883
1846209599784184978449388
1846209599784183175662334
1846209599784183175738007
1846209599784183173098235
1846209599784183173608974
1846209599784184983200859
1846209599784184983317800
1846209599784184983318446
1846209599784184984575403
1846209599784184984929736
1846209599784183170155061
1846209599784183168838346
1846209599784184987293400
1846209599784183168276059
1846209599784183168334486
1846209599784184988023807
1846209599784184988122162
1846209599784184989343111
1846209599784184990569706
1846209599784183163931039
1846209599784184992903470
1846209599784184994538063
1846209599784184994727674
1846209599784183160400561
1846209599784183159776726
1846209599784183159835052
1846209599784183158295614
1846209599784183158946231
1846209599784184997667825
1846209599784183157559824
1846209599784184998581810
1846209599784184999366212
1846209599784183154346618
1846209599784185002079903
1846209599784183153034902
1846209599784185002550912
1846209599784185003988037
1846209599784183150711125
1846209599784183151500137
1846209599784183151532362
1846209599784185005204699
1846209599784185005331245
1846209599784183148581460
1846209599784183147862531
1846209599784183146900176
1846209599784185009406779
1846209599784183145804618
1846209599784185010154223
1846209599784183144951510
1846209599784185011165684
1846209599784183143285977
1846209599784183143631567
1846209599784183142340383
1846209599784183142077701
1846209599784185014827305
1846209599784183140669092
1846209599784183140888156
1846209599784183139282894
1846209599784183140022136
1846209599784183138764391
1846209599784183136589041
1846209599784185019753340
1846209599784185021214323
1846209599784185022618601
1846209599784185023187664
1846209599784183131970277
1846209599784185025252446
1846209599784185025834554
1846209599784185026868588
1846209599784183127842710
1846209599784183128287730
1846209599784185027752280
1846209599784185028608070
1846209599784183126950841
1846209599784185029213960
1846209599784183125079554
1846209599784183125352275
1846209599784183125421056
1846209599784185031164496
1846209599784183123048013
1846209599784183122071387
1846209599784185034161279
1846209599784185034866291
1846209599784185034922088
1846209599784183119226721
1846209599784183118349945
1846209599784183118516944
1846209599784185038563737
1846209599784183116102471
1846209599784185039420425
1846209599784185039749265
1846209599784185040044534
1846209599784183115669003
1846209599784183114279867
1846209599784183112926271
1846209599784185042271147
1846209599784185042701174
1846209599784183112237033
1846209599784185043625760
1846209599784185044434628
1846209599784183110189020
1846209599784185046208031
1846209599784185046937881
1846209599784183107965709
1846209599784185047597331
1846209599784185047942105
1846209599784183106696052
1846209599784183107197140
1846209599784183107233435
1846209599784185048616421
1846209599784185050121954
1846209599784185050280958
1846209599784185051119135
1846209599784185051495606
1846209599784183103910203
1846209599784183102910043
1846209599784185053714549
1846209599784185055081584
1846209599784185055845674
1846209599784183099603306
1846209599784183098196968
1846209599784185057554891
1846209599784183097816443
1846209599784183097920697
1846209599784185058815203
1846209599784183096516397
1846209599784185059561987
1846209599784183095999965
1846209599784185060261818
1846209599784185061899875
1846209599784185062722595
1846209599784185063678195
1846209599784183090937878
1846209599784185066860969
1846209599784185067961216
1846209599784183087114259
1846209599784183087587949
1846209599784183086444056
1846209599784183086486717
1846209599784185070467530
1846209599784185070531757
1846209599784183084929826
1846209599784183083519604
1846209599784183083931674
1846209599784183083965934
1846209599784183084386866
1846209599784183082568221
1846209599784185073400639
1846209599784183082110408
1846209599784183079812197
1846209599784183079960252
1846209599784183078991677
1846209599784185077521815
1846209599784185078346996
1846209599784185079506182
1846209599784183073603235
1846209599784185082248761
1846209599784183072891996
1846209599784183071507451
1846209599784183071748385
1846209599784185084253877
1846209599784185084929579
1846209599784183070214936
1846209599784185085856936
1846209599784183069398466
1846209599784183069410969
1846209599784185086824796
1846209599784183067882475
1846209599784183068333396
1846209599784183068601507
1846209599784183066781741
1846209599784183066864085
1846209599784183067436237
1846209599784183067650880
1846209599784183065691317
1846209599784183066576729
1846209599784185089669040
1846209599784183064689649
1846209599784183064016623
1846209599784183059755977
1846209599784185096406037
1846209599784183057617842
1846209599784183056419084
1846209599784185099917757
1846209599784185100813149
1846209599784183054280939
1846209599784183054449530
1846209599784183055020956
1846209599784183053202991
1846209599784183053608492
1846209599784183054112357
1846209599784185103431215
1846209599784185103867141
1846209599784183051058148
1846209599784185105796007
1846209599784185105952001
1846209599784183049085389
1846209599784183047542735
1846209599784183047644775
1846209599784183046441795
1846209599784183045429403
1846209599784185111341256
1846209599784185112250583
1846209599784183041951103
1846209599784185114731509
1846209599784183039564560
1846209599784185115886720
1846209599784183038173583
1846209599784183038373500
1846209599784183036523964
1846209599784185119012211
1846209599784185119981055
1846209599784185120626267
1846209599784185120794726
1846209599784183034959505
1846209599784185121597100
1846209599784185123598520
1846209599784183031374001
1846209599784185125671397
1846209599784183029257318
1846209599784185129237663
1846209599784183026326523
1846209599784183022887954
1846209599784183020580854
1846209599784183019221274
1846209599784185137656930
1846209599784183017943985
1846209599784185138409022
1846209599784185138412797
1846209599784183017064078
1846209599784183017083900
1846209599784185139246905
1846209599784185139676087
1846209599784183015843532
1846209599784185140075757
1846209599784183014633894
1846209599784183014762485
1846209599784185140869573
1846209599784185141347009
1846209599784185141420617
1846209599784185142526436
1846209599784183012676540
1846209599784185144205780
1846209599784183010122265
1846209599784183010659818
1846209599784183010038157
1846209599784185146162981
1846209599784183008675506
1846209599784185147594530
1846209599784183007093568
1846209599784183007391062
1846209599784185149082533
1846209599784185149322438
1846209599784185149543873
1846209599784183004897579
1846209599784183004928257
1846209599784183005893595
1846209599784183003937820
1846209599784183004412234
1846209599784183004659387
1846209599784185151853799
1846209599784183002256726
1846209599784185153713520
1846209599784185155171341
1846209599784185156020839
1846209599784185156495521
1846209599784182999401918
1846209599784182997886501
1846209599784182998021210
1846209599784185159036365
1846209599784185159237226
1846209599784185159536699
1846209599784185159579841
1846209599784182994627951
1846209599784185161352719
1846209599784185162013283
1846209599784185162375835
1846209599784185162785147
1846209599784182991548124
1846209599784182990951266
1846209599784185166656129
1846209599784182989118805
1846209599784185167623071
1846209599784182987717670
1846209599784185168143943
1846209599784182985106783
1846209599784185170847749
1846209599784185171756090
1846209599784182983698640
1846209599784182983853511
1846209599784185172889839
1846209599784182982540624
1846209599784185173735009
1846209599784182980978583
1846209599784182979766370
1846209599784182979857362
1846209599784182980078119
1846209599784182979656734
1846209599784182977635092
1846209599784182978527563
1846209599784185177567973
1846209599784185178111346
1846209599784182976768920
1846209599784182976824452
1846209599784182976835655
1846209599784185178985106
1846209599784185179893267
1846209599784185179951522
1846209599784185180532255
1846209599784185180845735
1846209599784185181034648
1846209599784182974240153
1846209599784185182288633
1846209599784185182387367
1846209599784182972541695
1846209599784182971842986
1846209599784185184462795
1846209599784185184575515
1846209599784182970849275
1846209599784185186839262
1846209599784185189186872
1846209599784185189869480
1846209599784185190091659
1846209599784185191126700
1846209599784182964264427
1846209599784185191857748
1846209599784182963950411
1846209599784185192317067
1846209599784182962201720
1846209599784182962286487
1846209599784182960881772
1846209599784185195490899
1846209599784182958869820
1846209599784182959177923
1846209599784185197153656
1846209599784185198218628
1846209599784182956386646
1846209599784185200873623
1846209599784185200955278
1846209599784185202658981
1846209599784185202971482
1846209599784185204153647
1846209599784182950507784
1846209599784182949921041
1846209599784185207832195
1846209599784182946776843
1846209599784185209108606
1846209599784182945464093
1846209599784182945507973
1846209599784182944690415
1846209599784185211267623
1846209599784185211544419
1846209599784182943490092
1846209599784182941972372
1846209599784182941940401
1846209599784185214262655
1846209599784185214944101
1846209599784185215229500
1846209599784182940257741
1846209599784182940844462
1846209599784185217282859
1846209599784182938335376
1846209599784182938545759
1846209599784182938697948
1846209599784182938718880
1846209599784185218224421
1846209599784185219817529
1846209599784185219955241
1846209599784185220095046
1846209599784185220472657
1846209599784182932975949
1846209599784182933461067
1846209599784185223519275
1846209599784185223534885
1846209599784185225335942
1846209599784182930273399
1846209599784185227549138
1846209599784182927266919
1846209599784182927700620
1846209599784182926283577
1846209599784182926695809
1846209599784182927181416
1846209599784185229596088
1846209599784182925196537
1846209599784182925757006
1846209599784182924809114
1846209599784182922509690
1846209599784185233194638
1846209599784185233844755
1846209599784185233937489
1846209599784182921141343
1846209599784185234171696
1846209599784185234335421
1846209599784185234374242
1846209599784185236924581
1846209599784185236976848
1846209599784182912991846
1846209599784182910673477
1846209599784182911295298
1846209599784185245161731
1846209599784185245984693
1846209599784185246629139
1846209599784182909369562
1846209599784182906706835
1846209599784182907160843
1846209599784182905967638
1846209599784185250613758
1846209599784185250925750
1846209599784185253652961
1846209599784182901150332
1846209599784185254909150
1846209599784182900464398
1846209599784182899212644
1846209599784182899562759
1846209599784185256170813
1846209599784185256265045
1846209599784182897279329
1846209599784185259070877
1846209599784185259210119
1846209599784182896063402
1846209599784182893945763
1846209599784182894505269
1846209599784185261612251
1846209599784182889242715
1846209599784182887530724
1846209599784185267790084
1846209599784182887194230
1846209599784182886282987
1846209599784185271110960
1846209599784185273452103
1846209599784185273764930
1846209599784182881490425
1846209599784185274879853
1846209599784182880344495
1846209599784182881047455
1846209599784182878314497
1846209599784185277317828
1846209599784185278528252
1846209599784185280842761
1846209599784182873680846
1846209599784185283329057
1846209599784185284103179
1846209599784182871511571
1846209599784182869825073
1846209599784182869864188
1846209599784185286581793
1846209599784185286801036
1846209599784182868333529
1846209599784182866080676
1846209599784185289766157
1846209599784182864580467
1846209599784182863999513
1846209599784185291931763
1846209599784182862957227
1846209599784182863230731
1846209599784185293892989
1846209599784185294539077
1846209599784185294555380
1846209599784185294576483
1846209599784185297790263
1846209599784182857306581
1846209599784182857952453
1846209599784185298112280
1846209599784182855084374
1846209599784182855562691
1846209599784182854253377
1846209599784185301388365
1846209599784185301964563
1846209599784182853112677
1846209599784182853273055
1846209599784182853728749
1846209599784185303206730
1846209599784185303218875
1846209599784185304426018
1846209599784182849809697
1846209599784185306008838
1846209599784185306009620
1846209599784185306017595
1846209599784182848630730
1846209599784182849012447
1846209599784185308286929
1846209599784185308674039
1846209599784185308695277
1846209599784182846432357
1846209599784182844937904
1846209599784185311755621
1846209599784185312183999
1846209599784185312646888
1846209599784182843124758
1846209599784185313141898
1846209599784185313498644
1846209599784182840581555
1846209599784185315603929
1846209599784182838887234
1846209599784182836215563
1846209599784182836946795
1846209599784185320823507
1846209599784185324545553
1846209599784182830785383
1846209599784185325562281
1846209599784185327675533
1846209599784182826944409
1846209599784182827035697
1846209599784182826187627
1846209599784182826577895
1846209599784182823925918
1846209599784185332968535
1846209599784182821745544
1846209599784182821929791
1846209599784182821044480
1846209599784182819458318
1846209599784185336086332
1846209599784185336289839
1846209599784185336874587
1846209599784185337915284
1846209599784182816027602
1846209599784182814793675
1846209599784182813683107
1846209599784182813954507
1846209599784182814000828
1846209599784182812639615
1846209599784182811596317
1846209599784185344763926
1846209599784182810288859
1846209599784185346660961
1846209599784185346959740
1846209599784185347936033
1846209599784182805979293
1846209599784182806305385
1846209599784182803582557
1846209599784182803953886
1846209599784185351772949
1846209599784185352145385
1846209599784185352215403
1846209599784182802686112
1846209599784182803005791
1846209599784185353047193
1846209599784182801683748
1846209599784182802082779
1846209599784185354469013
1846209599784182800761109
1846209599784185354987013
1846209599784185355034564
1846209599784185355142383
1846209599784182800287248
1846209599784185357560062
1846209599784182797352207
1846209599784182797022824
1846209599784185360297681
1846209599784182794413298
1846209599784185361146193
1846209599784185361980452
1846209599784182793860278
1846209599784185362537502
1846209599784185362999654
1846209599784182792090325
1846209599784185363504330
1846209599784182791124206
1846209599784182790642989
1846209599784185365813711
1846209599784185365988080
1846209599784182789105462
1846209599784182789396100
1846209599784182789620556
1846209599784185366712945
1846209599784185366891491
1846209599784185370193660
1846209599784182784792281
1846209599784182784489676
1846209599784182782611265
1846209599784182783404021
1846209599784182783587437
1846209599784182782421271
1846209599784185373615920
1846209599784185373824687
1846209599784185374210369
1846209599784182780642156
1846209599784185375715259
1846209599784182778468185
1846209599784182778516127
1846209599784182778891593
1846209599784185377670804
1846209599784182776655753
1846209599784185379533844
1846209599784182776108253
1846209599784182774335398
1846209599784182773267181
1846209599784182772247910
1846209599784182772318559
1846209599784182772839459
1846209599784185384676727
1846209599784182770410666
1846209599784182770868724
1846209599784182768791549
1846209599784185387239698
1846209599784185388123152
1846209599784185388130597
1846209599784182767040677
1846209599784182767047793
1846209599784185388414107
1846209599784182764969183
1846209599784182765513037
1846209599784185390524402
1846209599784185390977118
1846209599784182764539787
1846209599784185391966302
1846209599784185394748869
1846209599784185395162038
1846209599784182757807820
1846209599784182757841535
1846209599784182758122050
1846209599784185398631227
1846209599784185399921683
1846209599784185402341336
1846209599784185402586587
1846209599784185403880805
1846209599784182751185113
1846209599784182751347320
1846209599784185406645867
1846209599784185406718600
1846209599784185407625995
1846209599784182747514595
1846209599784182747523233
1846209599784182747880497
1846209599784182746708954
1846209599784182746757957
1846209599784185410002446
1846209599784185410088786
1846209599784182745777464
1846209599784185410740647
1846209599784185410925537
1846209599784185411366873
1846209599784185412241294
1846209599784185412284450
1846209599784185412533282
1846209599784185413055361
1846209599784182742701144
1846209599784182740792304
1846209599784182740805441
1846209599784182740986271
1846209599784182740166921
1846209599784182740453435
1846209599784182740564577
1846209599784185415904633
1846209599784185416400389
1846209599784182739082566
1846209599784182738374197
1846209599784182738392117
1846209599784182734652291
1846209599784182733375497
1846209599784185422784992
1846209599784182731213050
1846209599784185423962511
1846209599784182731070127
1846209599784185425988248
1846209599784182728734166
1846209599784182727186631
1846209599784182726145661
1846209599784185430445043
1846209599784182724351493
1846209599784185431674287
1846209599784182723276912
1846209599784185434200555
1846209599784185434512669
1846209599784185435360889
1846209599784182718319561
1846209599784182717434229
1846209599784185438889103
1846209599784182716382713
1846209599784182714274005
1846209599784185442527855
1846209599784182712508959
1846209599784185442946941
1846209599784182711992033
1846209599784185444164006
1846209599784182711167081
1846209599784185445506578
1846209599784182709208328
1846209599784182710019814
1846209599784182708537138
1846209599784185447984039
1846209599784185448615126
1846209599784185449415449
1846209599784182704367453
1846209599784185451483911
1846209599784185451934441
1846209599784185453259582
1846209599784182702108022
1846209599784182699778257
1846209599784182700411837
1846209599784185456597889
1846209599784185459470601
1846209599784185459522077
1846209599784182696518487
1846209599784185459948192
1846209599784182694561368
1846209599784182695369921
1846209599784185460690604
1846209599784182692542328
1846209599784182693360230
1846209599784185462822845
1846209599784185463178730
1846209599784185463295465
1846209599784185463469000
1846209599784182691943908
1846209599784185464200742
1846209599784185466330113
1846209599784185467870679
1846209599784185469676759
1846209599784182685511015
1846209599784182684858327
1846209599784185471129249
1846209599784185471946661
1846209599784182683807686
1846209599784182683953464
1846209599784185472242003
1846209599784185472449150
1846209599784182681938000
1846209599784182682037396
1846209599784185473352756
1846209599784185473604129
1846209599784182680858805
1846209599784182681095381
1846209599784182681340497
1846209599784182681726378
1846209599784182680579230
1846209599784185476202489
1846209599784185476942393
1846209599784185478534851
1846209599784185478716066
1846209599784182675609934
1846209599784185480136037
1846209599784185480161525
1846209599784185480542517
1846209599784182674647180
1846209599784185480675938
1846209599784185481592608
1846209599784182673359222
1846209599784185483049896
1846209599784185484649959
1846209599784182670828486
1846209599784185485385128
1846209599784185485582619
1846209599784185486121346
1846209599784182669304624
1846209599784185488022077
1846209599784185489584243
1846209599784182664376787
1846209599784182665065569
1846209599784182663853395
1846209599784182663898707
1846209599784185492910664
1846209599784182662408870
1846209599784182661677654
1846209599784182661741361
1846209599784182661971225
1846209599784185494246688
1846209599784185494939571
1846209599784182660110205
1846209599784182660897659
1846209599784182658847798
1846209599784182657891795
1846209599784182657397406
1846209599784182657475351
1846209599784185500114376
1846209599784185500463999
1846209599784182654826874
1846209599784185500818241
1846209599784185502301444
1846209599784182653016668
1846209599784185503007345
1846209599784182651851742
1846209599784185504737100
1846209599784185505292687
1846209599784185505893078
1846209599784182648629746
1846209599784185507844605
1846209599784182647095841
1846209599784182647099994
1846209599784182645614534
1846209599784182644164676
1846209599784185510961446
1846209599784185511261060
1846209599784182641968174
1846209599784185514469084
1846209599784185516127729
1846209599784182639050223
1846209599784182638581713
1846209599784182637335426
1846209599784182637515928
1846209599784185519845667
1846209599784182634046852
1846209599784182633248980
1846209599784185524720735
1846209599784182629472693
1846209599784182629699591
1846209599784185528356601
1846209599784185528759729
1846209599784182626910862
1846209599784182625919472
1846209599784182626011143
1846209599784185529916402
1846209599784185530253845
1846209599784185530773546
1846209599784185531610717
1846209599784185531787410
1846209599784182624138105
1846209599784185532131067
1846209599784185532235274
1846209599784182621973811
1846209599784185534155124
1846209599784182620639283
1846209599784182619070075
1846209599784185536169144
1846209599784182618437301
1846209599784185538258510
1846209599784185538882466
1846209599784185539147753
1846209599784182615906194
1846209599784182616205625
1846209599784185539564546
1846209599784185541161810
1846209599784182614485331
1846209599784182614759391
1846209599784182613360704
1846209599784182613456617
1846209599784182613500701
1846209599784185545310137
1846209599784182609610706
1846209599784182610049360
1846209599784182610216980
1846209599784182608888209
1846209599784182607713983
1846209599784185547843593
1846209599784182607158407
1846209599784182603859697
1846209599784182602943753
1846209599784182603203323
1846209599784185554852006
1846209599784185555468254
1846209599784182599588835
1846209599784182600052395
1846209599784185556913366
1846209599784182598274473
1846209599784182598633098
1846209599784182597421145
1846209599784185559131913
1846209599784182596947495
1846209599784185560008575
1846209599784185560084077
1846209599784185560662251
1846209599784182591455532
1846209599784182591697739
1846209599784182590292825
1846209599784185565946285
1846209599784185566416716
1846209599784182588682892
1846209599784185566553015
1846209599784185567282059
1846209599784185569740507
1846209599784185571146976
1846209599784185571263088
1846209599784182584171929
1846209599784185573129039
1846209599784182580490633
1846209599784182580746513
1846209599784185576655834
1846209599784182578528266
1846209599784182578543189
1846209599784182576583949
1846209599784185579560823
1846209599784185582188400
1846209599784182573401774
1846209599784182573891446
1846209599784182572328712
1846209599784182570850988
1846209599784185584491730
1846209599784182570681623
1846209599784185586648417
1846209599784185587185757
1846209599784182568443230
1846209599784182566080004
1846209599784182566150338
1846209599784182565283263
1846209599784185591702398
1846209599784185592069263
1846209599784185592712738
1846209599784182562496469
1846209599784182562555272
1846209599784182557249573
1846209599784182556803848
1846209599784185599659129
1846209599784185600512812
1846209599784185600710058
1846209599784185601808292
1846209599784182552424900
1846209599784185603295347
1846209599784185603304307
1846209599784182551748411
1846209599784185605600910
1846209599784185606694794
1846209599784185607148619
1846209599784182547868639
1846209599784185609520761
1846209599784185610144580
1846209599784185610221701
1846209599784182544560168
1846209599784185611255598
1846209599784182543451187
1846209599784182541616077
1846209599784185613791945
1846209599784185614029709
1846209599784182541054047
1846209599784185615696119
1846209599784182539701913
1846209599784182540336673
1846209599784185617814238
1846209599784185618094580
1846209599784182537098572
1846209599784182537178437
1846209599784185619183669
1846209599784182535564108
1846209599784182534833415
1846209599784185621304740
1846209599784185621310967
1846209599784185621812555
1846209599784182533785537
1846209599784182532814744
1846209599784185623763599
1846209599784182531843708
1846209599784185624226349
1846209599784182530183089
1846209599784182529258501
1846209599784185626337686
1846209599784185626521738
1846209599784185626753886
1846209599784185628450665
1846209599784185628719199
1846209599784185629800758
1846209599784185632662141
1846209599784182521657279
1846209599784185633681624
1846209599784185634780194
1846209599784185635725043
1846209599784182519338549
1846209599784185637791816
1846209599784182517630907
1846209599784182518114840
1846209599784185638795843
1846209599784182516654678
1846209599784182516869283
1846209599784182514139979
1846209599784182513671514
1846209599784185643261508
1846209599784182510613626
1846209599784182509200743
1846209599784185647141895
1846209599784182508225368
1846209599784182508393559
1846209599784185650167748
1846209599784185650603562
1846209599784185651186793
1846209599784182504224418
1846209599784182504387218
1846209599784185652100645
1846209599784182503014409
1846209599784182502188238
1846209599784185656926775
1846209599784185657549624
1846209599784182497861735
1846209599784185658278953
1846209599784185660488069
1846209599784185661839371
1846209599784182493247469
1846209599784185664084648
1846209599784185664111413
1846209599784185664160707
1846209599784182490226784
1846209599784185665807273
1846209599784185665827979
1846209599784185666407081
1846209599784185666848253
1846209599784185670116237
1846209599784182484907067
1846209599784182485788755
1846209599784185670633177
1846209599784182483041858
1846209599784182483673534
1846209599784182482409409
1846209599784182481306197
1846209599784185676455407
1846209599784182479017600
1846209599784182477510204
1846209599784185679339967
1846209599784182475482027
1846209599784182476181755
1846209599784182476184897
1846209599784182475191142
1846209599784185682478105
1846209599784182471716435
1846209599784185685359217
1846209599784185685614571
1846209599784182468207533
1846209599784185688071847
1846209599784182466982483
1846209599784182467571083
1846209599784182467617547
1846209599784182467659083
1846209599784185688359591
1846209599784182466628233
1846209599784182466751958
1846209599784185692933630
1846209599784185693861444
1846209599784185694397197
1846209599784182460666308
1846209599784185694708150
1846209599784182459604257
1846209599784182459612680
1846209599784185695749620
1846209599784182458817188
1846209599784182458953112
1846209599784182459209763
1846209599784185697453629
1846209599784182456876694
1846209599784182457127629
1846209599784182457222353
1846209599784185698686645
1846209599784185698875743
1846209599784182456233001
1846209599784185700402745
1846209599784182455213022
1846209599784185701780191
1846209599784182454059083
1846209599784182454216464
1846209599784185702945531
1846209599784185703634716
1846209599784182451698904
1846209599784182451081769
1846209599784182449673419
1846209599784182448125944
1846209599784182447036848
1846209599784182447089667
1846209599784185708134667
1846209599784185710596858
1846209599784182444434763
1846209599784182444603830
1846209599784185711861209
1846209599784185712155131
1846209599784182442259130
1846209599784185713377637
1846209599784185713633891
1846209599784185714744101
1846209599784185716165588
1846209599784185716228540
1846209599784182438992247
1846209599784182439173876
1846209599784182438436442
1846209599784182433863475
1846209599784182434019089
1846209599784182434117937
1846209599784185722947617
1846209599784182431596083
1846209599784182431915465
1846209599784185723970017
1846209599784182430545931
1846209599784182430697340
1846209599784185725529951
1846209599784182429217455
1846209599784182429788884
1846209599784182430088319
1846209599784182430229532
1846209599784185726534527
1846209599784182428757032
1846209599784182429189125
1846209599784182427798945
1846209599784185728469198
1846209599784182426961413
1846209599784185730843971
1846209599784182424676469
1846209599784185731555325
1846209599784182423432428
1846209599784182422701985
1846209599784185733453128
1846209599784185736165724
1846209599784185736325576
1846209599784182417776024
1846209599784182416991765
1846209599784185738632190
1846209599784185738983177
1846209599784185739233228
1846209599784185741406051
1846209599784182414332957
1846209599784185742349854
1846209599784185742601565
1846209599784185743433481
1846209599784185743962888
1846209599784185744941615
1846209599784185745256646
1846209599784185746169075
1846209599784182408632417
1846209599784182408637969
1846209599784185747308951
1846209599784185748535196
1846209599784182406725195
1846209599784182405032200
1846209599784185752105356
1846209599784185752373007
1846209599784182402539057
1846209599784182402967103
1846209599784185754590266
1846209599784182400079219
1846209599784182399539042
1846209599784182397755576
1846209599784182398045223
1846209599784185757572617
1846209599784182396484551
1846209599784182393620758
1846209599784185762114665
1846209599784182393090748
1846209599784185762713235
1846209599784182390304533
1846209599784185766359926
1846209599784185768841208
1846209599784182384510648
1846209599784182382297732
1846209599784185773415108
1846209599784185774161279
1846209599784185774781790
1846209599784185775663031
1846209599784182379700759
1846209599784185777674973
1846209599784185777859646
1846209599784182377478334
1846209599784182376146239
1846209599784185780321304
1846209599784182375360860
1846209599784182374261628
1846209599784185784148642
1846209599784185784192628
1846209599784182369979238
1846209599784182368716409
1846209599784185787715702
1846209599784182367158017
1846209599784182367221589
1846209599784185789145617
1846209599784182366044073
1846209599784185789896426
1846209599784185792426267
1846209599784182360648728
1846209599784185796101363
1846209599784182359731476
1846209599784182359763127
1846209599784185797870577
1846209599784185798213623
1846209599784182357046897
1846209599784185798451312
1846209599784182356256168
1846209599784182356320281
1846209599784182356482865
1846209599784182356595850
1846209599784185799432920
1846209599784185799452670
1846209599784185800765399
1846209599784185802184925
1846209599784182353026643
1846209599784182353142261
1846209599784185802791322
1846209599784185803407618
1846209599784185803499777
1846209599784182352403003
1846209599784185804157469
1846209599784182350905223
1846209599784182350519293
1846209599784185806133603
1846209599784182349460754
1846209599784182347812301
1846209599784182348059477
1846209599784185811126694
1846209599784185811178232
1846209599784182343751402
1846209599784185812318202
1846209599784182342270401
1846209599784182342593818
1846209599784182342651953
1846209599784185814977758
1846209599784182339361767
1846209599784185817613801
1846209599784182337077850
1846209599784182337549324
1846209599784182335316677
1846209599784182334029625
1846209599784185822093751
1846209599784185822209716
1846209599784182332293571
1846209599784182332578209
1846209599784185825121572
1846209599784185825530331
1846209599784182329866878
1846209599784185825844796
1846209599784185827127629
1846209599784182327969863
1846209599784182328423674
1846209599784185828612432
1846209599784182326563998
1846209599784182326664767
1846209599784182327383285
1846209599784185832646513
1846209599784182322458673
1846209599784182322860825
1846209599784182322909445
1846209599784185833549430
1846209599784182320830351
1846209599784185835307415
1846209599784185835843334
1846209599784182319372315
1846209599784182316875818
1846209599784182314901886
1846209599784182315379898
1846209599784185840737056
1846209599784182314562074
1846209599784185841300458
1846209599784185841893591
1846209599784185842357103
1846209599784182312730647
1846209599784185843752943
1846209599784185844453241
1846209599784185845151358
1846209599784182310162997
1846209599784182310370685
1846209599784182308924028
1846209599784182307766927
1846209599784182305585652
1846209599784185850915846
1846209599784185851394347
1846209599784185852803787
1846209599784185853040609
1846209599784185853675779
1846209599784185854961717
1846209599784182299626127
1846209599784182299683344
1846209599784185856073771
1846209599784182297268184
1846209599784182294989447
1846209599784182295003647
1846209599784182295493169
1846209599784185860779308
1846209599784182294437161
1846209599784182293374393
1846209599784182291967977
1846209599784185864016842
1846209599784182289808543
1846209599784182288013743
1846209599784185867486685
1846209599784182286477582
1846209599784182284819010
1846209599784185870741323
1846209599784185871140558
1846209599784182282828731
1846209599784185874537416
1846209599784182280943651
1846209599784182280090395
1846209599784182280094946
1846209599784182279106212
1846209599784182277409389
1846209599784182277589405
1846209599784182277806837
1846209599784185879456744
1846209599784185879562359
1846209599784185879569195
1846209599784182271996789
1846209599784182270952923
1846209599784182271124436
1846209599784182271672421
1846209599784185884287375
1846209599784185884941301
1846209599784182270353651
1846209599784185885541538
1846209599784185885930944
1846209599784185886776451
1846209599784185887289427
1846209599784182268281551
1846209599784182268343139
1846209599784182268661415
1846209599784185887744249
1846209599784182266374506
1846209599784182264626537
1846209599784182264989471
1846209599784182265073790
1846209599784185891421176
1846209599784185892608689
1846209599784185893403650
1846209599784185896872684
1846209599784185897009265
1846209599784185897405474
1846209599784182256276172
1846209599784182255706591
1846209599784185900962567
1846209599784185901335230
1846209599784182252702419
1846209599784185904296755
1846209599784185905534391
1846209599784185906390539
1846209599784182247812265
1846209599784182246335510
1846209599784185909892536
1846209599784185911058056
1846209599784185911427563
1846209599784185912808812
1846209599784185913338982
1846209599784185914078835
1846209599784182239949012
1846209599784185916683879
1846209599784182238722076
1846209599784182237314171
1846209599784185917842020
1846209599784185919076396
1846209599784182235301242
1846209599784182235910052
1846209599784182234619691
1846209599784182232564931
1846209599784185923974011
1846209599784182231665255
1846209599784185924345720
1846209599784185925517115
1846209599784185925753161
1846209599784185926076201
1846209599784182228028869
1846209599784185928527158
1846209599784185928752821
1846209599784185929288805
1846209599784185930233294
1846209599784185930919244
1846209599784185931346840
1846209599784185931507370
1846209599784185932015647
1846209599784182221642671
1846209599784182221121868
1846209599784185936227299
1846209599784182219040489
1846209599784182219126534
1846209599784185937374149
1846209599784185937782040
1846209599784185938633750
1846209599784182216609233
1846209599784185939881523
1846209599784185940089879
1846209599784185941255847
1846209599784185943742738
1846209599784185944940587
1846209599784182210888032
1846209599784185947348653
1846209599784182207837992
1846209599784185948373411
1846209599784182206417590
1846209599784185950254667
1846209599784182205090985
1846209599784185952412839
1846209599784185953851698
1846209599784185954110157
1846209599784185954958725
1846209599784185955443621
1846209599784185955788955
1846209599784185955927504
1846209599784182198848026
1846209599784185959456483
1846209599784182195611990
1846209599784185960032566
1846209599784185961240227
1846209599784182192825174
1846209599784185963925649
1846209599784185964985417
1846209599784182190339613
1846209599784182189155081
1846209599784182189705159
1846209599784185966749370
1846209599784182188706904
1846209599784182186206019
1846209599784182186886445
1846209599784182185768039
1846209599784185972023391
1846209599784185972039084
1846209599784182183681976
1846209599784185972899828
1846209599784182182263358
1846209599784185973537969
1846209599784182180036506
1846209599784182176640993
1846209599784182177519569
1846209599784185979055568
1846209599784185979953610
1846209599784185980672615
1846209599784185981397097
1846209599784185982405765
1846209599784182172360202
1846209599784182172824753
1846209599784182173091933
1846209599784182171944191
1846209599784182168608174
1846209599784182168624821
1846209599784182168708269
1846209599784182167399302
1846209599784185988750409
1846209599784182166361567
1846209599784185990831532
1846209599784182164852895
1846209599784182163748513
1846209599784185992893127
1846209599784185994847343
1846209599784182159789590
1846209599784185995613255
1846209599784185996617787
1846209599784185996908499
1846209599784182158147266
1846209599784186000344393
1846209599784182154672040
1846209599784182154680240
1846209599784186001055861
1846209599784182153454510
1846209599784186003427552
1846209599784186004069953
1846209599784182150528367
1846209599784182151061804
1846209599784186005615588
1846209599784182148540263
1846209599784186007108207
1846209599784182147858669
1846209599784182146303271
1846209599784182144291425
1846209599784182144767002
1846209599784186011390579
1846209599784186011578007
1846209599784186012077339
1846209599784186012167089
1846209599784182143379818
1846209599784182140057276
1846209599784182139058353
1846209599784182139652019
1846209599784182137015548
1846209599784186019520935
1846209599784182135114906
1846209599784186020727161
1846209599784186020850167
1846209599784186021421096
1846209599784186021611413
1846209599784182134008068
1846209599784186021661609
1846209599784186022120274
1846209599784186022326973
1846209599784186022452374
1846209599784182132797351
1846209599784182131684090
1846209599784186025598090
1846209599784186025652857
1846209599784182129792352
1846209599784182129287411
1846209599784186027255990
1846209599784182128104844
1846209599784186028419141
1846209599784186028807952
1846209599784186028921385
1846209599784182126917040
1846209599784182127149950
1846209599784182125540034
1846209599784182124370260
1846209599784186032930895
1846209599784182122214549
1846209599784182122578940
1846209599784186033911091
1846209599784182120982179
1846209599784186034733483
1846209599784182120792346
1846209599784182118855989
1846209599784186037220385
1846209599784182118471716
1846209599784186037747901
1846209599784182117329088
1846209599784182116541218
1846209599784182116617037
1846209599784186040011857
1846209599784186040509175
1846209599784182111834699
1846209599784186044176778
1846209599784182110573757
1846209599784186044783299
1846209599784186045138122
1846209599784182108472097
1846209599784182107855867
1846209599784186050235357
1846209599784182104496317
1846209599784186051403526
1846209599784182102264841
1846209599784186053238617
1846209599784186053630431
1846209599784182100163678
1846209599784186055198897
1846209599784186055421863
1846209599784182097785845
1846209599784182094796987
1846209599784186060431375
1846209599784186060558080
1846209599784186061661435
1846209599784182092646144
1846209599784186063335039
1846209599784182089646024
1846209599784186066243598
1846209599784186067002287
1846209599784186067875237
1846209599784186068480195
1846209599784186071114855
1846209599784182083347853
1846209599784186073234096
1846209599784186073893497
1846209599784182080241095
1846209599784182080464432
1846209599784186075170708
1846209599784182079179415
1846209599784186076285537
1846209599784186076969904
1846209599784182078624337
1846209599784186077257152
1846209599784186077994929
1846209599784186079240026
1846209599784186081137976
1846209599784182072337023
1846209599784182071159507
1846209599784186086582299
1846209599784186086723473
1846209599784182065848315
1846209599784182065912807
1846209599784182064456664
1846209599784182063244340
1846209599784182063934023
1846209599784182062504804
1846209599784182063093838
1846209599784182060185372
1846209599784182060575346
1846209599784186096272911
1846209599784186096882875
1846209599784182058250489
1846209599784186097267744
1846209599784182056961101
1846209599784186098974975
1846209599784182055967015
1846209599784182056137551
1846209599784186099336445
1846209599784186100150999
1846209599784186100151669
1846209599784186100625706
1846209599784186100812203
1846209599784182053143991
1846209599784182053755718
1846209599784186102399128
1846209599784186102718340
1846209599784182051931689
1846209599784186103779998
1846209599784186105431176
1846209599784182049731867
1846209599784186105529391
1846209599784186106406293
1846209599784186106545180
1846209599784182048973418
1846209599784182049222676
1846209599784186109625730
1846209599784186109681597
1846209599784182042471614
1846209599784186113779650
1846209599784182040754018
1846209599784186116214184
1846209599784182036511663
1846209599784182033985059
1846209599784182034619118
1846209599784186122122747
1846209599784186122191226
1846209599784186122707589
1846209599784186123136716
1846209599784186125323415
1846209599784186126219301
1846209599784182029656046
1846209599784186126626119
1846209599784186127298214
1846209599784182028109867
